0.0305374108776592
0.0852869490832413
0.0433184230717789
0.0298113909085996
0.0 
0.0 
0.0 
0.0 
0.00321360045529347
0.0239159797392211
0.0285212223830251
0.119122766904393
0.0571970552946633
0.0272394162178077
0.0242521432732025
0.0392049920866958
0.0 
0.0 
0.0 
0.0 
0.0117402161095472
0.0420598120654348
0.0697641410807808
0.0156256533925555
0.00836363720718574
0.0485892289290624
0.0233415303416461
0.0239802686678568
0.0 
0.0 
0.0 
0.0 
0.0221495992857627
0.0517485989444355
0.0952661590388814
0.0841698719146335
0.0369401320905364
0.016888937173982
0.0180193321625778
0.0219597582257758
0.0 
0.0 
0.0 
0.0 
0.0168675336899031
0.029502086777594
0.030057205993375
0.0211367759583946
0.00977373410196943
0.0784864535089375
0.0179010039285338
0.0139273430297131
0.0 
0.0 
0.0 
0.0 
0.0127925026149724
0.0472444635585433
0.0209351048570982
0.0257107129756044
0.0401657287373541
0.0342769932891973
0.0185929668624001
0.0351958739989875
0.0 
0.0 
0.0 
0.0 
0.004351514195964
0.0373843237029054
0.0398007356132286
0.034357575867675
0.0160883242589226
0.0149486122899375
0.0120771969312352
0.0257916385554067
0.0 
0.0 
0.0 
0.0 
0.0185903949291776
0.041036590004944
0.0539704775453503
0.0255751452547335
0.0209707847571111
0.0482772795907916
0.0244630762121506
0.0397721529125431
0.0 
0.0 
0.0 
0.0 
0.00800459901528798
0.0241852487025082
0.0452059909137732
0.0284810098803578
0.0379888916560318
0.0565876099623262
0.0190174050932103
0.0209920400666738
0.0 
0.0 
0.0 
0.0 
0.00412970870707537
0.0377564044521747
0.0334164373244076
0.0237832936397441
0.00851346000225651
0.0610235295525372
0.0265466820724915
0.0567515301363472
0.0 
0.0 
0.0 
0.0 
0.0123179420340944
0.0187362240454451
0.0165851054720612
0.0400337373980526
0.0241523158759668
0.0281815032193856
0.0295306114527328
0.0343451327602166
0.0 
0.0 
0.0 
0.0 
0.0111418571162663
0.0236320233779366
0.0189418436833616
0.118533342031042
0.0752198562311173
0.0189977147006927
0.0310225761428535
0.0112758661688769
0.0 
0.0 
0.0 
0.0 
0.00546260494728056
0.0476606065018051
0.0273663034088306
0.0426389953382674
0.0229713597265855
0.029940897487233
0.00837043638215965
0.00785517743798534
0.0 
0.0 
0.0 
0.0 
0.0124314239121304
0.0394405594225518
0.0951489083816028
0.0601213370818811
0.0169431955013852
0.0286494272267918
0.0155473010122227
0.0376098522640002
0.0 
0.0 
0.0 
0.0 
0.0124933231183319
0.0556652384104288
0.0231863174768477
0.0246851136959723
0.0268226868704634
0.0453823897316384
0.0155035710126847
0.0123924640447638
0.0 
0.0 
0.0 
0.0 
0.0138860552578652
0.0531194227575332
0.0433123927987234
0.0493996986356123
0.0276687450073336
0.021249988923008
0.0123395769284633
0.0561843693104998
0.0 
0.0 
0.0 
0.0 
0.00857510336577828
0.0323857125844315
0.0721677795549926
0.0146531023515251
0.021565669384598
0.015210649734085
0.0349839996304152
0.0231685197358629
0.0 
0.0 
0.0 
0.0 
0.0145772630604484
0.0516017249644608
0.0712297742967636
0.0622432666259475
0.0271884307525479
0.0228846034555471
0.0136463322087759
0.0176067988873976
0.0 
0.0 
0.0 
0.0 
0.00803039035120527
0.0357442309265207
0.0133607123968991
0.0520226393220277
0.0197457630797678
0.0124467785970056
0.0197376639091306
0.00993949347297423
0.0 
0.0 
0.0 
0.0 
0.00660567695513455
0.119849167659392
0.012264418751344
0.0396211399867063
0.0265935461250611
0.0219799503745617
0.0461222877480401
0.00717458444696856
0.0 
0.0 
0.0 
0.0 
0.0124933231183319
0.0464170734713522
0.0527100329796051
0.0622432666259475
0.0168550644454612
0.0264283479383036
0.0111202816472268
0.045656446480709
0.0 
0.0 
0.0 
0.0 
0.0108220445508919
0.104035735815445
0.0223421127444416
0.031716952435059
0.00805517851145182
0.0253614812014174
0.00557171641172643
0.0112262395966153
0.0 
0.0 
0.0 
0.0 
0.00583503183792613
0.0260897146428474
0.0354038359652803
0.0272785831387201
0.0313129641697902
0.0222794217393017
0.00671898581137093
0.0165929989111955
0.0 
0.0 
0.0 
0.0 
0.0123901577746628
0.0279990763825191
0.0114612517489854
0.0345638745733481
0.0701523205154884
0.0542043170179371
0.0308939584971534
0.0125519780270334
0.0 
0.0 
0.0 
0.0 
0.00881444696309067
0.0236613981739316
0.0265631364064721
0.00882369035407608
0.0329610149155687
0.066819548257609
0.0241209532745885
0.0390277543286185
0.0 
0.0 
0.0 
0.0 
0.004755922343147
0.0253112825489812
0.0219375979768304
0.0321590210900728
0.0238438571802329
0.0391558809397529
0.0103254245968005
0.0102797899684826
0.0 
0.0 
0.0 
0.0 
0.0196942641064373
0.0598266678430466
0.10300470241927
0.0538203851857506
0.0475467046709874
0.0231840748202871
0.0257183844341832
0.028489197233343
0.0 
0.0 
0.0 
0.0 
0.00726799846149038
0.0376878632615198
0.0610289671135234
0.0208656405166528
0.0462688043600897
0.0490821088835303
0.0180321939271478
0.0378225375736929
0.0 
0.0 
0.0 
0.0 
0.0148764425570889
0.0456386413774861
0.0254199424980055
0.0221977407304278
0.00576377105742832
0.0714987883316712
0.0175768874613696
0.0136437626167895
0.0 
0.0 
0.0 
0.0 
0.00890316915864612
0.0251644085690065
0.0259182577914396
0.0808101501365284
0.0707692379069563
0.00879697133923704
0.00977494107320426
0.0161392702505177
0.0 
0.0 
0.0 
0.0 
0.00809641617115351
0.0221534919795242
0.0962041642971104
0.0386662716918764
0.0136426874570321
0.0352814701584294
0.0177389456949517
0.0161747178021331
0.0 
0.0 
0.0 
0.0 
0.0121838270873245
0.0582600120566493
0.0230573417538412
0.0484919843306505
0.0368035289538542
0.200521034640481
0.00891577519992788
0.0276278217290874
0.0 
0.0 
0.0 
0.0 
0.00538523093952871
0.0284592815197733
0.0217910346552321
0.0465527764973232
0.0278406005663854
0.01543525325764
0.0133968139761178
0.0101840815791208
0.0 
0.0 
0.0 
0.0 
0.00706785769477226
0.0363562058430821
0.0195925848312579
0.0205355625875758
0.0499262431809349
0.0461185901699575
0.0249698297362088
0.0600481524365847
0.0 
0.0 
0.0 
0.0 
0.0121838270873245
0.05497982650388
0.0460443331133154
0.0840519869399632
0.113644996613972
0.036685242180648
0.00680644581044697
0.0184291820848762
0.0 
0.0 
0.0 
0.0 
0.0102164639835541
0.0432739702998927
0.0546857065547499
0.0249857203813817
0.0394474606315736
0.00905900878338452
0.00831898932387963
0.0365818732671519
0.0 
0.0 
0.0 
0.0 
0.00728140995616736
0.0661422489819607
0.0285153598501612
0.0495824203463513
0.0138057299104915
0.0310327201711808
0.0102199581273264
0.0413672927352387
0.0 
0.0 
0.0 
0.0 
0.0149486582976572
0.0347944458560173
0.0802580749072176
0.0318819913995975
0.062925573929722
0.0306209470446634
0.0149222192541205
0.0383896983995403
0.0 
0.0 
0.0 
0.0 
0.00639109304030275
0.0778432093866154
0.024100872603621
0.00894746957747995
0.0230066121489551
0.017519074837289
0.0239897632759744
0.0370781389897683
0.0 
0.0 
0.0 
0.0 
0.014979607900758
0.0727026200874993
0.0217558594580485
0.0746211889663348
0.012466137860447
0.0133389537044601
0.0113595104682289
0.0461881597549409
0.0 
0.0 
0.0 
0.0 
0.0060289826840241
0.0363757890404121
0.0739851647428113
0.024909095147846
0.0703726481552984
0.0763028081410418
0.0251756179693289
0.0256923854108834
0.0 
0.0 
0.0 
0.0 
0.00820886639575286
0.0226920299060982
0.0290898880708264
0.015619759143822
0.0187719149118078
0.0231404019129292
0.0127357192772195
0.0198541736598176
0.0 
0.0 
0.0 
0.0 
0.0115648350253097
0.0563996083103025
0.016948582509625
0.0752695563270217
0.0175424866816683
0.00972034138051866
0.0270611526552918
0.0314029859761336
0.0 
0.0 
0.0 
0.0 
0.0184665965167747
0.0539517086440567
0.0499956802636049
0.0338329877303919
0.0186573445391066
0.0361486893188222
0.0279100291169121
0.063096641875514
0.0 
0.0 
0.0 
0.0 
0.00833988638221266
0.0288509454663726
0.0235263443829557
0.0168693398753278
0.0203803066824204
0.0173069492872649
0.00548168405973639
0.0252422015053671
0.0 
0.0 
0.0 
0.0 
0.0110386917725971
0.0275143922486024
0.156764128781519
0.0409414517030143
0.0293696743866665
0.0602810901274526
0.0395885113464772
0.010276245213321
0.0 
0.0 
0.0 
0.0 
0.01366940803616
0.0446301067149928
0.0493801143128922
0.0374284794578377
0.0253861506589025
0.101820264011594
0.0263151703102314
0.014615025531053
0.0 
0.0 
0.0 
0.0 
0.0136281418986923
0.0669745348684842
0.076564679202941
0.0100555883393812
0.0108180871146686
0.0214621144730322
0.0148321869021304
0.0180747065687216
0.0 
0.0 
0.0 
0.0 
0.00929003919740537
0.00999232643761523
0.0467712871884428
0.0440654035317787
0.00663626851107573
0.0516775273779435
0.0185981115682281
0.0310307866841713
0.0 
0.0 
0.0 
0.0 
0.0115854680940435
0.0179431045535815
0.0128975723006485
0.0115468332689612
0.0217771839188155
0.0359677587026252
0.00659036816567087
0.0249444420717973
0.0 
0.0 
0.0 
0.0 
0.0104506493136831
0.0458344733507858
0.0184142157256078
0.0910072004455141
0.0411792358804798
0.0252928523469978
0.0212630691871332
0.00466844254775573
0.0 
0.0 
0.0 
0.0 
0.011771165712648
0.0656037110553866
0.0138355775588775
0.0623611516006178
0.0251173509383344
0.0153291904826279
0.00852992226282772
0.00814939211639364
0.0 
0.0 
0.0 
0.0 
0.0137725733798291
0.0303049978681226
0.0526220949866461
0.0746211889663348
0.0281754985788965
0.100198127452586
0.0144540510237723
0.00879453755579496
0.0 
0.0 
0.0 
0.0 
0.00322494864309708
0.0275143922486024
0.0534545746533243
0.0217203065830129
0.0255535996651581
0.0496872905997757
0.0163061451218531
0.0384251459511557
0.0 
0.0 
0.0 
0.0 
0.0108014114821581
0.0313233241292808
0.0110919121785577
0.0970193341537023
0.018000768172473
0.0355996584834656
0.00819294403109357
0.0321473845600582
0.0 
0.0 
0.0 
0.0 
0.0188070421508828
0.0256735716995856
0.0596805845548192
0.0633042313979807
0.0482958186463413
0.0202267950934797
0.00546624994225238
0.024338288939173
0.0 
0.0 
0.0 
0.0 
0.00621674360950192
0.0719682501876256
0.0263755353548263
0.0587244001320374
0.0351731044192606
0.0393492895294808
0.0347267643390151
0.0294604601476065
0.0 
0.0 
0.0 
0.0 
0.0109252098945611
0.0401455545264306
0.0767405551888589
0.0302021305105449
0.00980898652433903
0.0132578468765097
0.0261865526645314
0.030307656631216
0.0 
0.0 
0.0 
0.0 
0.018899890960185
0.0207581891697641
0.0517427150570564
0.0424562736275284
0.0171326772716218
0.0214122025789088
0.0249646850303808
0.041083712322315
0.0 
0.0 
0.0 
0.0 
0.0136900411048938
0.0259281532648751
0.0338737148877942
0.0420849359573167
0.0155903837929521
0.0108807929188861
0.0301479761520931
0.0599418097817383
0.0 
0.0 
0.0 
0.0 
0.0119465467968855
0.0539027506507318
0.0443148859184557
0.0298543698352674
0.0166303302528551
0.0123219988616972
0.0241955515090945
0.0314419782829106
0.0 
0.0 
0.0 
0.0 
0.0142058678232395
0.0444000041463657
0.0982560507994863
0.0571388472227211
0.0388966415320488
0.0326361397698928
0.0375306290152763
0.0265785742012699
0.0 
0.0 
0.0 
0.0 
0.00706682604133557
0.0244300386691327
0.116136776034476
0.0311864700490424
0.0244607745717008
0.0937095812165534
0.027498452650672
0.0131262283632038
0.0 
0.0 
0.0 
0.0 
0.0134218112113541
0.0264373163954543
0.0272021524886406
0.0664871257140803
0.0227818779563489
0.0298847466063442
0.00715885815966512
0.0306444083715628
0.0 
0.0 
0.0 
0.0 
0.0103578005043809
0.0342069499361183
0.0126630709860913
0.0233471192334638
0.027853820224774
0.0128523127367576
0.0143177163193302
0.0180038114654907
0.0 
0.0 
0.0 
0.0 
0.00828520875006802
0.0322535260024542
0.0680640065502408
0.0538085966882836
0.0198779596636538
0.0152543226414429
0.0374277348987163
0.0333419670494991
0.0 
0.0 
0.0 
0.0 
0.00521500812247464
0.0195831973299661
0.024522974969824
0.0135390893408902
0.0377377181466484
0.048433254259927
0.0154984263068567
0.0188580974594233
0.0 
0.0 
0.0 
0.0 
0.0132464301271166
0.0212232901063508
0.00960282883111925
0.0177299001904214
0.0342917938600208
0.0237643005894708
0.0170058251144614
0.0540929637651879
0.0 
0.0 
0.0 
0.0 
0.0296909859079763
0.0817108908592838
0.0387044419676735
0.134978295997556
0.0437482561606639
0.017263276379907
0.00883345990667985
0.0163625898256951
0.0 
0.0 
0.0 
0.0 
0.0201481916185815
0.108441955214687
0.0311065993760187
0.0289997037689073
0.0893648907069162
0.0187668721903723
0.00480258289044009
0.0185036219432687
0.0 
0.0 
0.0 
0.0 
0.00689557157084481
0.0387012937233456
0.0245933253641912
0.0386426946969424
0.0149866860598728
0.0210378633729839
0.0365274113788159
0.0242142225085189
0.0 
0.0 
0.0 
0.0 
0.00461149086201022
0.0354357955685737
0.0574762721979811
0.012943770218805
0.0133430418668906
0.0501926485277744
0.00822123991314758
0.010198260599767
0.0 
0.0 
0.0 
0.0 
0.0170738643772414
0.0191670543867043
0.0235791071787311
0.0414542513428303
0.0508516192681367
0.0399794271927879
0.0132656239775037
0.0182129520200219
0.0 
0.0 
0.0 
0.0 
0.0263793783761971
0.0518954729244103
0.0224359132702645
0.0628326914992992
0.0526583059145783
0.0120287664837227
0.011516423995983
0.0199073449872408
0.0 
0.0 
0.0 
0.0 
0.00346532389384615
0.0210715203270435
0.0218731101153271
0.0785113931304565
0.0194417109368301
0.0128835076705847
0.0128926328049736
0.0251287693401977
0.0 
0.0 
0.0 
0.0 
0.0176000076299539
0.0652610051021122
0.0263344976247788
0.0448257616184025
0.0170092937933282
0.0499118941233307
0.0448361112910395
0.0488112785744847
0.0 
0.0 
0.0 
0.0 
0.0118330649188494
0.0695203505213798
0.0267683250567097
0.0283631249056874
0.0138806413080269
0.0119913325631302
0.0240283485696844
0.0223425917832227
0.0 
0.0 
0.0 
0.0 
0.0136075088299585
0.0286404260950755
0.046073645777635
0.0125193843099917
0.0330843983938622
0.0662580394487215
0.0398971936961574
0.0496265722616402
0.0 
0.0 
0.0 
0.0 
0.0158977794594133
0.0744651078471963
0.0657776187333077
0.031705163937592
0.0172340279859343
0.0460000494214146
0.0233363856358181
0.0208998764324736
0.0 
0.0 
0.0 
0.0 
0.0211798450552728
0.0581131380766745
0.0193346333852449
0.0786292781051268
0.0226761206892401
0.0174067730755115
0.0189453792116182
0.0299567258702229
0.0 
0.0 
0.0 
0.0 
0.00458776283296632
0.0919431114641911
0.0253437295707744
0.0207241785470484
0.035803241469117
0.0085536508553858
0.0117788039932111
0.0169120268757347
0.0 
0.0 
0.0 
0.0 
0.00618992062014794
0.0279501183891942
0.0723436555409106
0.0310214310845039
0.0132813501277438
0.122783259543393
0.0194032580303104
0.0392404396383112
0.0 
0.0 
0.0 
0.0 
0.006373554931879
0.0315436350992429
0.0315345642750857
0.0185374122669133
0.0182431285762639
0.049886938176269
0.00513698876926024
0.0152849842565852
0.0 
0.0 
0.0 
0.0 
0.0140201702046351
0.0576725161367503
0.0253730422350941
0.0086645456382711
0.0174411359673557
0.0241136838483341
0.0128334686879516
0.0344904677218399
0.0 
0.0 
0.0 
0.0 
0.0154438519472691
0.0892014638379958
0.0432830801344038
0.0644830811446842
0.0382841306933771
0.0290112884591859
0.0098572563664523
0.0125732465580027
0.0 
0.0 
0.0 
0.0 
0.00812942908112763
0.0513079770045113
0.0481255322800109
0.0518222348650881
0.0223808816518948
0.106312334482694
0.0421094172021983
0.0231614302255398
0.0 
0.0 
0.0 
0.0 
0.0148661260227219
0.0470290483879137
0.0139762783476119
0.0171699465607372
0.0644678674083917
0.0268151651177594
0.0238199879836503
0.0105456466055985
0.0 
0.0 
0.0 
0.0 
0.0155367007565713
0.0381627557967715
0.0281342952140056
0.0844056418639742
0.043087273241234
0.0150297191178879
0.0100707616583143
0.0201271198072566
0.0 
0.0 
0.0 
0.0 
0.0168984832930038
0.040179825121758
0.0574117843364779
0.0289820210227068
0.0713861552984242
0.0304337774417009
0.0601158876002062
0.049378439400332
0.0 
0.0 
0.0 
0.0 
0.0139376379296997
0.0447182311029777
0.116195401363115
0.0189794809219271
0.0139863985751357
0.0170261948828211
0.00412090936822979
0.0276739035461875
0.0 
0.0 
0.0 
0.0 
0.00885055483337487
0.0477144602944625
0.0717574022545174
0.0716151221122407
0.0248397381121739
0.0708124997874754
0.0136977792670559
0.017752133849021
0.0 
0.0 
0.0 
0.0 
0.0185181791886092
0.041922729684125
0.0419229725099717
0.0276676035551323
0.0141362213702064
0.0217927807715992
0.0508296935806621
0.0265821189564314
0.0 
0.0 
0.0 
0.0 
0.0142780835638079
0.122394983312288
0.029295076721064
0.0303612752263499
0.0121885250342865
0.0289364206180009
0.0361672819708557
0.0237392253168717
0.0 
0.0 
0.0 
0.0 
0.011647367300245
0.0184277886874981
0.0157115880753355
0.0164626367127151
0.0276951843241108
0.00629513764630508
0.0310997467302735
0.0246431378830659
0.0 
0.0 
0.0 
0.0 
0.0173936769426157
0.0212330817050158
0.0721091542263533
0.0388607819000825
0.00951374748699369
0.0553522905827737
0.034366634931055
0.0194323477955937
0.0 
0.0 
0.0 
0.0 
0.00880516208216045
0.0380697356094542
0.00761543019024659
0.0739728216056478
0.0418975039862603
0.0475972300333612
0.0254379979665571
0.0476060618195592
0.0 
0.0 
0.0 
0.0 
0.0068852550364779
0.0183298727008483
0.0253495921036383
0.031375086008515
0.0141802868981684
0.0211064922274034
0.00976207930863425
0.0505127610520267
0.0 
0.0 
0.0 
0.0 
0.00850495093208327
0.0420940826607622
0.0478382681696783
0.0303376982314159
0.0137484447241409
0.020544983418516
0.0197556703795286
0.0435295933837816
0.0 
0.0 
0.0 
0.0 
0.0136590915017931
0.0168464455031033
0.0551547091838644
0.0434582959122264
0.00789213605799245
0.0993870591730823
0.00834728520593364
0.00395240200512349
0.0 
0.0 
0.0 
0.0 
0.0102907430309959
0.0432250123065678
0.0226586895190939
0.0230288298018538
0.0273779125227845
0.0140439592089521
0.0625596228685073
0.0424661668353178
0.0 
0.0 
0.0 
0.0 
0.0177547556454576
0.0290761522356672
0.0633739802590959
0.0747390739410051
0.011536355220449
0.0429554238798915
0.0349839996304152
0.024416273552727
0.0 
0.0 
0.0 
0.0 
0.00753932331534019
0.0269415837267009
0.032021154502792
0.0314458169933172
0.0259634090752046
0.0166268997298345
0.0259550409022713
0.056042579104038
0.0 
0.0 
0.0 
0.0 
0.0136281418986923
0.0328997715143431
0.0507402219373242
0.0288464533018359
0.0782163121325327
0.0126089922529064
0.0256875161992152
0.00956729418101193
0.0 
0.0 
0.0 
0.0 
0.0150002409694918
0.0593860459031223
0.0618497217144738
0.0260643678996155
0.0136338743514397
0.0159718061194658
0.0036681752553656
0.0500519428810257
0.0 
0.0 
0.0 
0.0 
0.00804586515275563
0.0177864389749417
0.0172182590213658
0.0655440459167174
0.0125410492579824
0.0526258533662868
0.0305852761474733
0.00745816485989222
0.0 
0.0 
0.0 
0.0 
0.0159390455968809
0.0583579280432991
0.034401342845548
0.0271194384229152
0.0119505711832917
0.0213498127112547
0.0073389228636452
0.0321509293152198
0.0 
0.0 
0.0 
0.0 
0.0163104408340898
0.0381040062047816
0.0206302531481737
0.00839341019652928
0.0136338743514397
0.0430365307078419
0.0251113091464789
0.0123003004105637
0.0 
0.0 
0.0 
0.0 
0.0064560872068143
0.0300357289048356
0.0647223628178
0.0414778283377644
0.021301276216826
0.0308767455020454
0.0280643702917522
0.0411546074255459
0.0 
0.0 
0.0 
0.0 
0.00690898306552179
0.0433082408952201
0.0313000629605285
0.0312100470439765
0.0147134797865085
0.0122096970999197
0.0553570347093041
0.0931916131970373
0.0 
0.0 
0.0 
0.0 
0.00551625092598851
0.0635964333290651
0.0364121916178764
0.0166453584234541
0.0138453888856573
0.0232215087408796
0.0393569995842171
0.013374361224512
0.0 
0.0 
0.0 
0.0 
0.012720286874404
0.0343978861100855
0.0928038952360303
0.0755053262763624
0.0536277475297421
0.100634856526165
0.0365788584370959
0.0371135865413838
0.0 
0.0 
0.0 
0.0 
0.00916005086438226
0.032669668945716
0.0249743900003467
0.0225160301620378
0.0440655279619902
0.0634504954042841
0.0259293173731313
0.0136402178616279
0.0 
0.0 
0.0 
0.0 
0.0189411570976527
0.0592881299164725
0.0311241869746105
0.0383715592552006
0.0157093607184495
0.0264033919912419
0.0448618348201795
0.0265821189564314
0.0 
0.0 
0.0 
0.0 
0.00717102303844139
0.045388955611529
0.0976111721844539
0.059414027233859
0.0173177524890621
0.0450642014066022
0.0149145021953785
0.0252776490569826
0.0 
0.0 
0.0 
0.0 
0.0153406866036
0.047978833458417
0.0157467632725191
0.0282923939208852
0.0100689731393147
0.0240013820865566
0.00635885640341077
0.00243489232046576
0.0 
0.0 
0.0 
0.0 
0.0103268509012801
0.0215708918589577
0.0462671093621447
0.0165156849513167
0.0536277475297421
0.0342021254480123
0.0106495410639646
0.019843539394333
0.0 
0.0 
0.0 
0.0 
0.00775184392329861
0.0446350025143253
0.050329844636849
0.0443070677298529
0.0246370366835487
0.0590145758140731
0.0263923408976515
0.0218037889986678
0.0 
0.0 
0.0 
0.0 
0.0102113057163707
0.0339376809728313
0.0408677165944641
0.0191091543940645
0.0180316140420464
0.053093777373693
0.00928876637245805
0.0190140666865313
0.0 
0.0 
0.0 
0.0 
0.00572773988051023
0.0540496246307066
0.0632567296018173
0.0523703999973052
0.0486483428700372
0.0822298455681873
0.0169492333503533
0.0162739709466564
0.0 
0.0 
0.0 
0.0 
0.0141233355483042
0.0789202852397636
0.0301041062562865
0.0244611322440986
0.00909071841855858
0.0285496034385451
0.0177003604012417
0.0263091728089924
0.0 
0.0 
0.0 
0.0 
0.00842035535027459
0.0596308358697469
0.0674777532638477
0.0559599974760175
0.0120475153448081
0.0466489040450179
0.0346238702224551
0.0172629576367277
0.0 
0.0 
0.0 
0.0 
0.0122973089653605
0.0455015589961763
0.0680053812216015
0.10804157928538
0.0117214304378894
0.0150921089855421
0.0120206051671272
0.0132006682215963
0.0 
0.0 
0.0 
0.0 
0.00692239456019878
0.060169373796321
0.0408618540616002
0.0397390249613767
0.0235353984844989
0.0295041684136538
0.0146727010214624
0.05852390771712
0.0 
0.0 
0.0 
0.0 
0.00357261585126205
0.0906212456444184
0.0407797786015052
0.0326836092273559
0.0100557534809261
0.0206822411273551
0.00921674049086602
0.0447702576903226
0.0 
0.0 
0.0 
0.0 
0.0120703452092884
0.131892834017322
0.0783234390621204
0.0365443421478101
0.0193183274585365
0.0169887609622287
0.0327974996535143
0.0563261595169617
0.0 
0.0 
0.0 
0.0 
0.0156708157033412
0.0487327865556207
0.0249450773360271
0.0180187183783637
0.0239099554721759
0.0570181000491399
0.0125633716319814
0.0224666582138768
0.0 
0.0 
0.0 
0.0 
0.0135971922955916
0.0274948090512724
0.11326413493115
0.0487572255236588
0.0423161265018992
0.0222045538981167
0.0118456851689751
0.0151786416017388
0.0 
0.0 
0.0 
0.0 
0.0240994242811093
0.0478760216724347
0.0317163027938676
0.0324537335267487
0.0121048005311587
0.0152792785885046
0.0239974803347164
0.0193508184268781
0.0 
0.0 
0.0 
0.0 
0.0107910949477912
0.0620297775426678
0.0585842909092641
0.0334027075728451
0.00660542264150233
0.0988255503641948
0.0108939145907947
0.015855689837594
0.0 
0.0 
0.0 
0.0 
0.0112140728568347
0.0518465149310854
0.060208212512573
0.0135155123459562
0.0126688392890722
0.0254051541087753
0.013844403383154
0.0445575723806298
0.0 
0.0 
0.0 
0.0 
0.0114719862160075
0.119653335686093
0.0416884711954145
0.0319762993793338
0.0208562143844099
0.0904029182308827
0.0196013292046885
0.0228282232403545
0.0 
0.0 
0.0 
0.0 
0.01687785022427
0.0337075784042042
0.0234794441200443
0.0317994719173283
0.0245136532052551
0.0192597521448402
0.0592927346677258
0.0270783846790478
0.0 
0.0 
0.0 
0.0 
0.0204267380464882
0.035298713187264
0.0555474988857478
0.0264474940672941
0.0370899548856071
0.03072077083291
0.00633570522718476
0.0318389908610037
0.0 
0.0 
0.0 
0.0 
0.0182086831576018
0.10966590504781
0.0604427138271303
0.00993770336471093
0.0362571164071255
0.031095110038835
0.00888747931787387
0.0205241323853497
0.0 
0.0 
0.0 
0.0 
0.0116680003689788
0.0560569023570281
0.023672907704554
0.0968425066916967
0.0202789559681079
0.0348447410848502
0.0296335055692929
0.0156430045279013
0.0 
0.0 
0.0 
0.0 
0.00903006253135916
0.0469849861939213
0.0680053812216015
0.0537968081908165
0.0981779962993142
0.0259978578514898
0.0136154639738079
0.0495556771584093
0.0 
0.0 
0.0 
0.0 
0.0210560466428699
0.0890056318646961
0.0371684583573236
0.0467472867055293
0.0249234626153016
0.0183114261564969
0.0128411857466936
0.0626358237045131
0.0 
0.0 
0.0 
0.0 
0.0102298754782311
0.0513079770045113
0.0486648853034926
0.0430221215059461
0.0271267390134012
0.0142935186795688
0.0155936033646748
0.0391695445350803
0.0 
0.0 
0.0 
0.0 
0.00733196097456524
0.0507204810846123
0.0182031645425062
0.0365738133914776
0.0202084511233687
0.0251743115984549
0.0180553451033738
0.0258341756173453
0.0 
0.0 
0.0 
0.0 
0.0128028191493393
0.0197447587079383
0.0266686619980228
0.0109397256494089
0.0171767427995838
0.0175253138240545
0.0328746702409343
0.0164157611531182
0.0 
0.0 
0.0 
0.0 
0.0138241560516637
0.0264471079941193
0.0236318699745065
0.0437589025976358
0.0368343748234276
0.0185984195477061
0.0384309525351767
0.0136579416374357
0.0 
0.0 
0.0 
0.0 
0.0192093869911924
0.0273332476733002
0.0553833479655577
0.0964888517676857
0.0283121017155787
0.0488263104261482
0.0295306114527328
0.0140762227464981
0.0 
0.0 
0.0 
0.0 
0.00880722538903383
0.0471171727758985
0.0218496599838714
0.0332494571057736
0.0241170634535972
0.0409464701414274
0.0378393113649565
0.0401975235319286
0.0 
0.0 
0.0 
0.0 
0.00767962818273021
0.0463974902740223
0.0450008022635356
0.0358429265485214
0.0186793773030876
0.0153915803502821
0.0293505467487528
0.0196024960433479
0.0 
0.0 
0.0 
0.0 
0.00525936922025237
0.0217716196315898
0.0770923071606948
0.1129338057342
0.0178289126134212
0.0377770648645959
0.0199022944956266
0.0322785405010354
0.0 
0.0 
0.0 
0.0 
0.0147939102821535
0.0608058277095449
0.1225855621848
0.0296893308707289
0.0160927308117188
0.084413490936083
0.00724631815874116
0.030307656631216
0.0 
0.0 
0.0 
0.0 
0.0125449057901665
0.0330221664976554
0.0358962887258505
0.0386014349558078
0.0149161812151337
0.0470606771715354
0.016252125710659
0.0323565251145894
0.0 
0.0 
0.0 
0.0 
0.00605477401994138
0.0498881951980888
0.0318335534511462
0.0168811283727948
0.0326349300086499
0.0164771640474645
0.0156527674816968
0.0362273977509974
0.0 
0.0 
0.0 
0.0 
0.00957993381311563
0.035288921588599
0.0219024227796468
0.0608286469299032
0.014969059848688
0.024818689352826
0.017587176873026
0.0059764572023661
0.0 
0.0 
0.0 
0.0 
0.0094747051625731
0.020875688353744
0.03801266308973
0.021030679481191
0.039786765196881
0.02007705941111
0.013075269861868
0.015416140197562
0.0 
0.0 
0.0 
0.0 
0.012070345209288
0.06393913928234
0.051455450946724
0.035831138051054
0.0096723833876569
0.035755633152601
0.020547955077041
0.031792909043904
0.0 
0.0 
0.0 
0.0 
0.011709266506447
0.050181943158038
0.032296693547397
0.12012478918909
0.013083055251915
0.15441492244405
0.016470775708349
0.016376768846341
0.0 
0.0 
0.0 
0.0 
0.020457687649589
0.057329810183476
0.038862730355
0.028758039570833
0.043523521968058
0.021462114473032
0.0063202711097008
0.02236031555903
0.0 
0.0 
0.0 
0.0 
0.010399066641849
0.068002652728308
0.06044271382713
0.042149772693385
0.017269280408304
0.033896415096507
0.0077813675648534
0.015125470274316
0.0 
0.0 
0.0 
0.0 
0.0071844345331184
0.030657495420062
0.061615220399917
0.031192364297776
0.013497271214758
0.028281327007632
0.013723502796196
0.0083762564467326
0.0 
0.0 
0.0 
0.0 
0.0057741642851613
0.056007944363703
0.13003097892199
0.034345787370208
0.0084473617103135
0.018454922852102
0.028038646762612
0.022207891087084
0.0 
0.0 
0.0 
0.0 
0.021881369392223
0.026917104730038
0.03880410502636
0.027726546042468
0.023438454322983
0.017138496644599
0.020820624485925
0.012119517897325
0.0 
0.0 
0.0 
0.0 
0.017383360408249
0.044933646273607
0.043951408880892
0.055877477993748
0.030845869573393
0.021150165134761
0.010147932245734
0.017273591902212
0.0 
0.0 
0.0 
0.0 
0.0063230039134811
0.038226401188094
0.12956197629288
0.044996694831675
0.025434622739661
0.021349812711255
0.047871487729561
0.034827219462187
0.0 
0.0 
0.0 
0.0 
0.012163194018591
0.10618988752174
0.049901879737782
0.051209232996802
0.04538749380085
0.07312092489068
0.020547955077041
0.0054163858868419
0.0 
0.0 
0.0 
0.0 
0.0070307181710514
0.093460809257263
0.05328456120027
0.023665408665074
0.079582343499354
0.035942802755564
0.0455820936361
0.017982542934522
0.0 
0.0 
0.0 
0.0 
0.016712785674399
0.053168380750858
0.080609826879054
0.017906727652427
0.022830350037107
0.13095633220609
0.011992309285073
0.062671271256129
0.0 
0.0 
0.0 
0.0 
0.0099358542487741
0.05786834811005
0.063139478944539
0.085761319072683
0.078789163996039
0.022148403017228
0.020398758608029
0.047038900993712
0.0 
0.0 
0.0 
0.0 
0.013442444280088
0.071576586241026
0.031264887763345
0.051274069732871
0.029673726529604
0.036236035133538
0.026109382077111
0.019233841506547
0.0 
0.0 
0.0 
0.0 
0.01017726115296
0.022344428153491
0.050153968650931
0.048639340548989
0.035217169947223
0.037315379843955
0.033672099644275
0.01465401783783
0.0 
0.0 
0.0 
0.0 
0.016073160543651
0.12631162277828
0.077092307160695
0.020453043105307
0.059576593804611
0.049100825843827
0.014037329851704
0.011545267561154
0.0 
0.0 
0.0 
0.0 
0.0077528755767353
0.056938146236877
0.034143391399535
0.10314935283656
0.042628991750429
0.017600181665239
0.020915801543743
0.047074348545327
0.0 
0.0 
0.0 
0.0 
0.022778907882144
0.053609002690782
0.041207743500572
0.020901006009054
0.069359141012173
0.056394201372598
0.016169810417411
0.015742257672425
0.0 
0.0 
0.0 
0.0 
0.0095582690909451
0.028733446282393
0.18121089082411
0.03133382626738
0.08279912704058
0.023240225701176
0.018680426861476
0.019747831004971
0.0 
0.0 
0.0 
0.0 
0.0074609176541517
0.094537885110412
0.10628772082307
0.033432178816513
0.015956127675037
0.036360814868846
0.011251471645841
0.026436783994808
0.0 
0.0 
0.0 
0.0 
0.016929432896105
0.060316247776296
0.042960640826888
0.076919945972407
0.011113326152014
0.015273039601739
0.0060038717012786
0.038283355744694
0.0 
0.0 
0.0 
0.0 
0.016145376284219
0.062470399482592
0.044033484340987
0.064954621043366
0.012734937581015
0.030808116647626
0.027318387946692
0.030484894389293
0.0 
0.0 
0.0 
0.0 
0.014422515044945
0.051356934997836
0.08946225150359
0.040829460977078
0.034485682183054
0.070937279522784
0.0231125909323
0.01392025351939
0.0 
0.0 
0.0 
0.0 
0.017919820195328
0.042686474379994
0.05501400839513
0.052553121708044
0.014528404569068
0.024176073715988
0.021342812127467
0.047003453442096
0.0 
0.0 
0.0 
0.0 
0.017589691095587
0.061344365636119
0.053917714749575
0.057463030903065
0.031687521157467
0.017400534088746
0.0051755740629703
0.035979264889689
0.0 
0.0 
0.0 
0.0 
0.014587579594815
0.09561496096356
0.059446083240262
0.037988433087522
0.066318619582795
0.061547604440832
0.047048334797081
0.033923306895993
0.0 
0.0 
0.0 
0.0 
0.01059508079482
0.037031826150966
0.027776680709306
0.025822703701541
0.063630622377114
0.077363435891163
0.0080257410916835
0.036936348783307
0.0 
0.0 
0.0 
0.0 
0.014267767029441
0.049741321218114
0.11402626420346
0.10291358288722
0.027241309386102
0.06076149210839
0.029299099690473
0.095070333432657
0.0 
0.0 
0.0 
0.0 
0.0068594637005606
0.03320820687229
0.11983017173875
0.095015289584306
0.010130664878462
0.027364195953116
0.052810405324443
0.029510086719868
0.0 
0.0 
0.0 
0.0 
0.0097738846592136
0.088565009924772
0.04259130125646
0.062655864037294
0.042862539048628
0.042936706919595
0.10436035772103
0.049803810019718
0.0 
0.0 
0.0 
0.0 
0.0080572133405592
0.084795244438753
0.060853091127606
0.029571445896059
0.028082960970176
0.17974520871164
0.030147976152093
0.017394113577705
0.0 
0.0 
0.0 
0.0 
0.0057081384652131
0.094537885110412
0.018754242631716
0.051244598489203
0.03737638081736
0.03125108470797
0.033800717289975
0.012264852858948
0.0 
0.0 
0.0 
0.0 
0.015969995199982
0.10065763427603
0.050622971280046
0.029435878175188
0.012307501959784
0.039661238867752
0.031639940842214
0.029130797917583
0.0 
0.0 
0.0 
0.0 
0.018445963448041
0.034358719715426
0.068826135822552
0.039786178951245
0.024205194509521
0.015971806119466
0.011657903406253
0.022544642827431
0.0 
0.0 
0.0 
0.0 
0.015794614115744
0.06643599694191
0.091807264649162
0.020399994866705
0.07041671368326
0.023159118873225
0.016550518648683
0.031250561504187
0.0 
0.0 
0.0 
0.0 
0.012844085286807
0.031382073721271
0.032830184038015
0.023506263949269
0.0089144563067106
0.028661905200323
0.023179472108064
0.05118626453272
0.0 
0.0 
0.0 
0.0 
0.010533181588618
0.08376712657893
0.098021549484929
0.019462809318076
0.025447842398049
0.034489118839222
0.026392340897652
0.022874305057455
0.0 
0.0 
0.0 
0.0 
0.014154285151405
0.041927625483458
0.056555854538344
0.10208838806453
0.033137277027417
0.055133926045984
0.037813587835817
0.040693789254545
0.0 
0.0 
0.0 
0.0 
0.007573367878751
0.024141186508516
0.071874652911796
0.030296438490281
0.076057101262395
0.078424063641283
0.009178155197156
0.024788472844689
0.0 
0.0 
0.0 
0.0 
0.0043308811272302
0.093460809257263
0.065308616104193
0.061889611701936
0.010778428139503
0.017718722413782
0.040025811341857
0.040020285773851
0.0 
0.0 
0.0 
0.0 
0.0092271083377672
0.031240095540629
0.036740493458257
0.032736657465958
0.068345633869047
0.070750109919821
0.040077258400137
0.071745844469686
0.0 
0.0 
0.0 
0.0 
0.016588987261996
0.079605697146312
0.054808819744892
0.03674474660475
0.041298212805977
0.078299283905975
0.049363452419682
0.029240685327591
0.0 
0.0 
0.0 
0.0 
0.0094344706785422
0.059924583829696
0.11056736981374
0.12041950162577
0.060766363059585
0.084163931465466
0.0099009863659903
0.020527677140511
0.0 
0.0 
0.0 
0.0 
0.023459799150361
0.033776119594859
0.052194130087579
0.028215768687349
0.039425427867593
0.21736629890711
0.021605192124695
0.014537040917499
0.0 
0.0 
0.0 
0.0 
0.016351706971557
0.098356608589755
0.021064080580105
0.05988556713254
0.024482807335682
0.055963711285785
0.022567252114532
0.031477425834526
0.0 
0.0 
0.0 
0.0 
0.0084079755090343
0.034554551688725
0.1461529442978
0.13356367630151
0.016577451619301
0.096891464466916
0.025193624439727
0.03043172306187
0.0 
0.0 
0.0 
0.0 
0.0043164379791165
0.11118360284088
0.027055589167042
0.054940292445119
0.066715209334453
0.028368672822348
0.020095220964177
0.034766958624441
0.0 
0.0 
0.0 
0.0 
0.011368820872338
0.027127624101336
0.048993187143873
0.043281468450221
0.024297732118241
0.079047962317825
0.050906864168082
0.039524020051235
0.0 
0.0 
0.0 
0.0 
0.015412902344168
0.065603711055387
0.04105531764611
0.044531049181727
0.014955840190299
0.032823309372855
0.016192961593637
0.048385907955099
0.0 
0.0 
0.0 
0.0 
0.012410790843397
0.10545551762187
0.087586240987132
0.034280950634139
0.021891754291517
0.071436398464017
0.063176987567868
0.035149792181887
0.0 
0.0 
0.0 
0.0 
0.0073381508951854
0.063155811389141
0.045270478775276
0.1373949379783
0.067376192253883
0.11379911860119
0.055948675879524
0.064939914559518
0.0 
0.0 
0.0 
0.0 
0.0086504140666568
0.089103547851346
0.063432605587735
0.13350473381418
0.033617591282202
0.07343287422895
0.027086876184432
0.036794558576845
0.0 
0.0 
0.0 
0.0 
0.0056906003567893
0.13977507094263
0.10218394781832
0.058288225725757
0.018238722023468
0.097515363143457
0.027524176179812
0.04221803397401
0.0 
0.0 
0.0 
0.0 
0.022345613438734
0.055371490450479
0.05652067934116
0.069139537644163
0.042377818241046
0.075928468935117
0.0055768611175544
0.013193578711273
0.0 
0.0 
0.0 
0.0 
0.0044371414312094
0.1135825445138
0.1052910902362
0.055606342552007
0.026029507367148
0.16857742240155
0.058212346443845
0.020956592515058
0.0 
0.0 
0.0 
0.0 
0.0076259822040223
0.040101492332438
0.030022030796192
0.10562493730464
0.024848551217766
0.035013193727517
0.034006505523095
0.042005348664317
0.0 
0.0 
0.0 
0.0 
0.013710674173628
0.047342379545193
0.055928563521903
0.098787608773758
0.058078365853903
0.12864790710289
0.028244434995732
0.07592865556031
0.0 
0.0 
0.0 
0.0 
0.0061672242445407
0.035195901401282
0.084185971926052
0.097490874052384
0.076982477349597
0.093584801481245
0.049131940657421
0.034603899887009
0.0 
0.0 
0.0 
0.0 
0.014164601685772
0.084305664505504
0.032273243415941
0.14653102351525
0.05226171616292
0.069627092302046
0.027910029116912
0.020740362450204
0.0 
0.0 
0.0 
0.0 
0.001296788369921
0.060463121756271
0.099135430729076
0.048049915675637
0.033467768487132
0.028643188240026
0.012861764570006
0.024203588243034
0.0 
0.0 
0.0 
0.0 
0.0057236132667635
0.10986173702111
0.088875998217196
0.055311630115331
0.056359810263386
0.10587560540912
0.022232846235712
0.053703040697418
0.0 
0.0 
0.0 
0.0 
0.0022613843332274
0.064477677208914
0.046314009625056
0.15165901991341
0.043906892061327
0.04900100205558
0.027935752646052
0.050725446361719
0.0 
0.0 
0.0 
0.0 
0.0055771184787533
0.085921278285227
0.047123039160279
0.053030555855459
0.06398314660081
0.10088441599678
0.017466276286068
0.04455757238063
0.0 
0.0 
0.0 
0.0 
0.0057494046026808
0.076570301560168
0.10517383957893
0.12690317523264
0.059840986972383
0.064698292757367
0.038045099598077
0.047109796096943
0.0 
0.0 
0.0 
0.0 
0.011688633437713
0.15710620057965
0.15248447979085
0.12024267416376
0.01806245991162
0.10575082567381
0.020704868604795
0.044734810138707
0.0 
0.0 
0.0 
0.0 
0.0031486062887819
0.1010003402293
0.044637325225972
0.10992773888011
0.033013893549123
0.1205996141755
0.041286264269718
0.018776568090708
0.0 
0.0 
0.0 
0.0 
0.015423218878535
0.12474496699188
0.10968798988415
0.068255400334136
0.050058439764821
0.15060914051715
0.031434152609094
0.033643271238231
0.0 
0.0 
0.0 
0.0 
0.0054997444710014
0.069912014467979
0.13044135622247
0.10132213572917
0.069226944428287
0.13838072645693
0.044038681887699
0.0522851386328
0.0 
0.0 
0.0 
0.0 
0.0075558297703273
0.036361101642415
0.088172494273525
0.049641362833687
0.061823935730672
0.098201651687653
0.056797552341145
0.041260950080392
0.0 
0.0 
0.0 
0.0 
0.0036355467109002
0.091208741564317
0.051261987362214
0.055576871308339
0.021499571092655
0.031263562681501
0.0463537995103
0.019021156196854
0.0 
0.0 
0.0 
0.0 
0.0086091479291891
0.09551704497691
0.12510645131629
0.12519384309992
0.10853339537038
0.11654427277798
0.024946678559983
0.017142435961235
0.0 
0.0 
0.0 
0.0 
0.0066149618360648
0.052629842824284
0.10570146753668
0.077509370845759
0.064291605296544
0.04532623885075
0.024424490918441
0.032721634896229
0.0 
0.0 
0.0 
0.0 
0.0024109740815476
0.056007944363703
0.064839613475079
0.080338610237847
0.028801229075957
0.13519884320657
0.06973648749857
0.027556926625857
0.0 
0.0 
0.0 
0.0 
0.015268470863032
0.077451545440016
0.076330177888384
0.079336587953149
0.084473617103135
0.089654239819033
0.020360173314319
0.068910040340449
0.0 
0.0 
0.0 
0.0 
0.0063673650112589
0.1287105644512
0.11068462047102
0.064895678556031
0.025624104509897
0.19147450383063
0.049106217128281
0.056999662997655
0.0 
0.0 
0.0 
0.0 
0.0063457002890883
0.036228915060437
0.12891709767785
0.078039853231775
0.13796916804899
0.19540506549284
0.04668820538912
0.029758219581176
0.0 
0.0 
0.0 
0.0 
0.0081521254567348
0.04350407286852
0.037860237235267
0.015213055981209
0.1017913695922
0.044315522994752
0.063768628738088
0.038885964122157
0.0 
0.0 
0.0 
0.0 
0.00068574003936872
0.080437983032836
0.083247966667823
0.09949491862178
0.037446885662099
0.058733821409629
0.072488905116552
0.04299788010955
0.0 
0.0 
0.0 
0.0 
0.015701765306442
0.049937153191414
0.085827481127952
0.072086662010922
0.092581674248142
0.05087893707197
0.030713893793173
0.040871027012622
0.0 
0.0 
0.0 
0.0 
0.0062941176172538
0.067072450855134
0.044883551606257
0.051704349890418
0.047767032310797
0.052719438167768
0.027832858529492
0.041367292735239
0.0 
0.0 
0.0 
0.0 
0.0038810802288328
0.053217338744183
0.040809091265825
0.14340707168649
0.060105380140155
0.028961376565063
0.029710676156713
0.038885964122157
0.0 
0.0 
0.0 
0.0 
0.0020210090824783
0.081759848852609
0.099604433358191
0.089179983338124
0.097076358100265
0.10175787414394
0.021782684475762
0.029198148265652
0.0 
0.0 
0.0 
0.0 
0.010388750107482
0.059924583829696
0.12850672037737
0.13656974315561
0.086412500333463
0.048370864392273
0.086585399085278
0.023476913434917
0.0 
0.0 
0.0 
0.0 
0.0076177289765287
0.078528621293164
0.024141910333669
0.052918565129522
0.056756400015043
0.14025242248656
0.043987234829419
0.072029424882609
0.0 
0.0 
0.0 
0.0 
0.00023655813303332
0.045898118742108
0.077971687090285
0.046599930487191
0.087690400644361
0.059757015239158
0.059086946434606
0.07592865556031
0.0 
0.0 
0.0 
0.0 
0.0052026282812343
0.071429712261052
0.088641496902639
0.13350473381418
0.074470742255764
0.11192742257157
0.026598129130772
0.03994939067062
0.0 
0.0 
0.0 
0.0 
0.00032878795027353
0.0304371844501
0.069177887794388
0.097314046590378
0.082005947537264
0.069751872037355
0.025005842677005
0.037361719402692
0.0 
0.0 
0.0 
0.0 
0.00084605898343056
0.048404768000344
0.11033286849918
0.065720873378723
0.021451099011897
0.046249608892031
0.014585241022386
0.012069891325063
0.0 
0.0 
0.0 
0.0 
0.005591561626867
0.061784987576043
0.10042518795914
0.024726373437107
0.058386824549637
0.065135021830947
0.033594929056855
0.010910756387238
0.0 
0.0 
0.0 
0.0 
0.0034127095685749
0.033536225427567
0.069412389108945
0.053549249744009
0.075924904678509
0.056874603353535
0.032694605536954
0.050441865948796
0.0 
0.0 
0.0 
0.0 
0.0081552204170449
0.051699640951111
0.11168125105789
0.15118748001473
0.059532528276649
0.017930847963807
0.033080458474054
0.035220687285118
0.0 
0.0 
0.0 
0.0 
0.0018466596516775
0.097671196683206
0.14486318706774
0.062773749011964
0.093374853751457
0.12715055027919
0.047845764200421
0.068697355030756
0.0 
0.0 
0.0 
0.0 
0.00015815247184478
0.079605697146312
0.097435296198536
0.084346699376639
0.02980592311349
0.051240798304364
0.037427734898716
0.039204992086696
0.0 
0.0 
0.0 
0.0 
0.0058958993906909
0.058798549983223
0.084068721268773
0.084346699376639
0.065481374551518
0.020420203683208
0.009093267550994
0.019825815618525
0.0 
0.0 
0.0 
0.0 
0.00029990165404617
0.031019784570666
0.07662330453158
0.17570755474616
0.095930654373253
0.11479735648366
0.032540264362114
0.0090603941929109
0.0 
0.0 
0.0 
0.0 
0.0044072234815453
0.02438597647514
0.075333547301515
0.1363929156936
0.10218795934386
0.26871315998648
0.017180745112613
0.023522995252017
0.0 
0.0 
0.0 
0.0 
0.002941243948007
0.041908042286128
0.089051874203114
0.10126319324184
0.033458955381539
0.16152736735663
0.033723546702555
0.07443985839246
0.0 
0.0 
0.0 
0.0 
0.0045145154389612
0.059483961889772
0.11730928260726
0.080869092623864
0.087205679836779
0.051271993238191
0.014901640430809
0.048740383471254
0.0 
0.0 
0.0 
0.0 
0.0050551018397875
0.092677481364065
0.10599459417988
0.10715744197535
0.0832397823202
0.061466497612882
0.026392340897652
0.043529593383782
0.0 
0.0 
0.0 
0.0 
0.004100822410848
0.097915986649831
0.10757747805314
0.087824306129415
0.094961212758089
0.12072439391081
0.041543499561118
0.1183239272924
0.0 
0.0 
0.0 
0.0 
0.00028958511967925
0.041315650566896
0.10658084746627
0.11499679279093
0.073589431696524
0.13326475730929
0.02253381152665
0.047747852026021
0.0 
0.0 
0.0 
0.0 
0.0021922635529691
0.040351178098395
0.11625402669176
0.18667085739051
0.047899228894683
0.10887031905652
0.06986510514427
0.021498940054775
0.0 
0.0 
0.0 
0.0 
0.00038944917235098
0.033658620410879
0.17804512307759
0.068844825207487
0.035309707555943
0.04263099656809
0.032308752599854
0.031888617433265
0.0 
0.0 
0.0 
0.0 
0.0041152655589617
0.030882702189357
0.12756871511914
0.095781541919664
0.022565956869335
0.11298805032169
0.031922899662754
0.044628467483861
0.0 
0.0 
0.0 
0.0 
0.00058082088485722
0.062421441489267
0.053360774127502
0.067135493074767
0.028827668392734
0.12789922869104
0.023146031520182
0.013856447926482
0.0 
0.0 
0.0 
0.0 
0.0034178678357584
0.076178637613568
0.051930316108702
0.060887589417238
0.05248204380273
0.19609135403704
0.06793584045877
0.092837137680883
0.0 
0.0 
0.0 
0.0 
0.0075424182756503
0.048664245364966
0.15676412878152
0.066722895663421
0.05336335436197
0.058683909515506
0.023302945047936
0.033809874730823
0.0 
0.0 
0.0 
0.0 
0.0051500139559631
0.16547801743821
0.079789072278103
0.068609055258147
0.06133921492309
0.042400154057769
0.017224475112152
0.06164329225928
0.0 
0.0 
0.0 
0.0 
0.0023336000737958
0.051014229044562
0.058467040251986
0.065131448505371
0.089144563067106
0.040179074769281
0.0055897228821244
0.040055733325467
0.0 
0.0 
0.0 
0.0 
0.0010388750107482
0.083375462632331
0.084889475869723
0.1161167000503
0.019648818918251
0.047672097874546
0.017049555113999
0.051788872910183
0.0 
0.0 
0.0 
0.0 
0.0061084199986493
0.037991402820134
0.12528232730221
0.13167751670679
0.074647004367611
0.060873793870167
0.021412265656145
0.036191950199382
0.0 
0.0 
0.0 
0.0 
0.0058133671157556
0.030951243380012
0.092686644578752
0.12979135711206
0.061647673618824
0.08091965834745
0.034701040809875
0.056397054620193
0.0 
0.0 
0.0 
0.0 
0.00043009631775661
0.0077255713466717
0.062553225658146
0.10586070725398
0.076189297846281
0.1460546801784
0.02365278504424
0.049023963884177
0.0 
0.0 
0.0 
0.0 
0.0026606342132269
0.020425274815155
0.091924515306441
0.12554749802393
0.091788494744826
0.050217604474836
0.042572440726719
0.056893320342809
0.0 
0.0 
0.0 
0.0 
0.0028473634852681
0.064330803228939
0.087820742301689
0.047537116035821
0.050631291628327
0.11261371111577
0.035318405509235
0.03297685726786
0.0 
0.0 
0.0 
0.0 
0.0 
0.018736224045445
0.053290423733134
0.076625233535731
0.093727377975153
0.070063821375626
0.022274003882336
0.030832280395125
0.0 
0.0 
0.0 
0.0 
0.0 
0.017801126372939
0.033387124660088
0.067724917948119
0.030330302896238
0.09246178386347
0.019187180385534
0.087768137799872
0.0 
0.0 
0.0 
0.0 
0.0 
0.017815813770937
0.1108018711283
0.065426160942047
0.048516146286151
0.050261277382194
0.018716439802272
0.027581739911987
0.0 
0.0 
0.0 
0.0 
0.0029783834717279
0.06663182891521
0.09368327516562
0.032359425547012
0.07284031772117
0.099012719967157
0.070276681610511
0.074156277979537
0.0 
0.0 
0.0 
0.0 
7.7353374683116E-5
0.028067617573174
0.12950335096424
0.070318387390867
0.079538277971392
0.047403821443633
0.016326723945165
0.022346136538384
0.0 
0.0 
0.0 
0.0 
0.00013751940311095
0.10961694705449
0.16174728171586
0.05487545570905
0.012505796835613
0.047453733337757
0.010631534593567
0.087803585351488
0.0 
0.0 
0.0 
0.0 
0.0030206812626322
0.050132985164713
0.098373301456765
0.042633101089534
0.05358368200178
0.058484261939013
0.020249562139017
0.017706052031921
0.0 
0.0 
0.0 
0.0 
0.00077931100607663
0.075150519753745
0.15424323965003
0.13721811051629
0.11470256928506
0.049780875401257
0.038816805472277
0.027705806342641
0.0 
0.0 
0.0 
0.0 
0.0027534830225291
0.035778501521848
0.069764141080781
0.069905789979521
0.025985441839186
0.12035005470488
0.037299117253016
0.031186755911279
0.0 
0.0 
0.0 
0.0 
9.0331574916692E-5
0.01287105644512
0.062553225658146
0.051209232996802
0.090863118657624
0.11298805032169
0.054482434718544
0.033281706211753
0.0 
0.0 
0.0 
0.0 
6.8388306318264E-6
0.0033717370002869
0.074864544672401
0.085761319072683
0.10262861462348
0.098513601025924
0.039974364283577
0.04143818783847
0.0 
0.0 
0.0 
0.0 
0.0040409865115199
0.038030569214794
0.060090961855294
0.040216459108792
0.051644798771453
0.093771971084208
0.054816840597364
0.10421580174944
0.0 
0.0 
0.0 
0.0 
0.0049034487845939
0.075248435740395
0.10235982380424
0.12165729385981
0.054068402809362
0.071997907272905
0.058263793502125
0.030144597893785
0.0 
0.0 
0.0 
0.0 
0.0001353529308939
0.070940132327802
0.085944731785231
0.073383396732296
0.072531859025436
0.14355908547223
0.035961493737736
0.037680747367231
0.0 
0.0 
0.0 
0.0 
0.002078781674933
0.075444267713695
0.0715815262686
0.065602988404053
0.094608688534393
0.13501167360361
0.060295952304186
0.057956746891273
0.0 
0.0 
0.0 
0.0 
0.00069038247983383
0.02008256886188
0.10851548331137
0.14617736859124
0.063145901569532
0.062308760826213
0.031820005546194
0.025990144844453
0.0 
0.0 
0.0 
0.0 
0.0 
0.037046513548963
0.069412389108945
0.080043897801171
0.064115343184696
0.043467020794656
0.016486209825833
0.031140674094179
0.0 
0.0 
0.0 
0.0 
0.0030444092916761
0.095174339023636
0.066129370705144
0.085112951711996
0.10641825002821
0.11473496661601
0.054816840597364
0.054660124591035
0.0 
0.0 
0.0 
0.0 
0.00061713508582875
0.031357594724608
0.086648235728903
0.042939602023677
0.069711665235869
0.081418777288683
0.0463537995103
0.033909127875346
0.0 
0.0 
0.0 
0.0 
0.0031589228231488
0.040850549630309
0.076095676573827
0.1022062730392
0.075792708094623
0.016708006557785
0.02185213800444
0.050512761052027
0.0 
0.0 
0.0 
0.0 
0.00012617121530735
0.020846313557749
0.075919800587909
0.075328498814357
0.082887258096504
0.025311569307294
0.033800717289975
0.036865453680076
0.0 
0.0 
0.0 
0.0 
0.0019529199556567
0.063792265302365
0.14439418443862
0.06295057647397
0.029766264138324
0.07312092489068
0.039048317234537
0.02208382465643
0.0 
0.0 
0.0 
0.0 
1.156483502531E-5
0.048404768000344
0.10974661521279
0.098080298925735
0.013360668078075
0.077800164964742
0.030842511438873
0.049165754090639
0.0 
0.0 
0.0 
0.0 
0.00083914690540472
0.10760966932816
0.081606457465922
0.16975436352531
0.077511263685141
0.048689052717309
0.047742870083861
0.03994939067062
0.0 
0.0 
0.0 
0.0 
6.9234262136353E-6
0.027533975445932
0.060090961855294
0.048179589147774
0.083636372071858
0.039929515298665
0.038713911355717
0.029935457339254
0.0 
0.0 
0.0 
0.0 
0.00020055342809279
0.053609002690782
0.078909692348514
0.10821840674739
0.0084297354991287
0.086659526171633
0.022312589176046
0.014019506663913
0.0 
0.0 
0.0 
0.0 
0.0 
0.015710620057965
0.13067585753703
0.045562542710092
0.040980941004651
0.03078939968733
0.043627105421459
0.056857872791194
0.0 
0.0 
0.0 
0.0 
0.00021767887514187
0.0449777084676
0.13102760950886
0.15796586605828
0.034714822928456
0.12097395338142
0.01375179867825
0.021293344255405
0.0 
0.0 
0.0 
0.0 
0.0 
0.024126499110518
0.083189341339183
0.066310298252075
0.050410963988517
0.063887224477863
0.020743453898505
0.033983567733739
0.0 
0.0 
0.0 
0.0 
0.0 
0.029071256436335
0.047580316723665
0.17553072728416
0.094873081702165
0.030982808277058
0.014731865138484
0.017911647831291
0.0 
0.0 
0.0 
0.0 
0.0 
0.036914326966986
0.075626673944712
0.10279569791255
0.042047326781331
0.036023909583514
0.032823223182654
0.057460481168656
0.0 
0.0 
0.0 
0.0 
6.9027931449012E-6
0.06653391292856
0.028814349026222
0.13586243330758
0.094344295366621
0.10007334771728
0.023210340343032
0.021800244243506
0.0 
0.0 
0.0 
0.0 
0.00095881870406092
0.034373407113423
0.065249990775554
0.17953881642295
0.034247728332059
0.14031481235421
0.0078945510930694
0.021172822579913
0.0 
0.0 
0.0 
0.0 
0.00010301059565363
0.0010521072765524
0.068239882536159
0.060592876980563
0.096988227044341
0.054846932654775
0.020038629200069
0.037822537573693
0.0 
0.0 
0.0 
0.0 
1.4133652082671E-5
0.067610988781708
0.13618663842912
0.19291876104804
0.10381838387845
0.13264085863275
0.013227038683794
0.067775718688754
0.0 
0.0 
0.0 
0.0 
0.0 
0.0067415156808409
0.11279513230204
0.060946531904574
0.041055852402186
0.07642758787635
0.027678517354652
0.040906474564238
0.0 
0.0 
0.0 
0.0 
0.0003151701249092
0.054539204563956
0.10189082117512
0.10609647720332
0.093154526111647
0.049724724520368
0.055768611175544
0.022250428149023
0.0 
0.0 
0.0 
0.0 
0.0 
0.029619585961574
0.036980857305678
0.1363929156936
0.071694613994158
0.13588513175077
0.033543481998575
0.018344107960999
0.0 
0.0 
0.0 
0.0 
0.0 
0.0014134172672903
0.051133011639208
0.11599881507563
0.041990041594981
0.028948898591532
0.044553152470499
0.025344999405052
0.0 
0.0 
0.0 
0.0 
0.0 
0.020748397571099
0.064429236174604
0.063245288910646
0.024535685969236
0.15379102376751
0.028475946757992
0.046436292616249
0.0 
0.0 
0.0 
0.0 
0.0026348428773096
0.061197491656144
0.10845685798273
0.10645013212733
0.042479168955359
0.044802163962455
0.01476787807928
0.011389298334046
0.0 
0.0 
0.0 
0.0 
0.0 
0.029418858188942
0.1052910902362
0.086645456382711
0.096547571764721
0.11005572654194
0.018037338632976
0.03472087680734
0.0 
0.0 
0.0 
0.0 
0.0 
0.0094586843103737
0.049966367599285
0.060592876980563
0.036486257152528
0.10525170673257
0.039228381938517
0.042147138870779
0.0 
0.0 
0.0 
0.0 
0.0 
0.015152498934061
0.11566777340536
0.065131448505371
0.071562417410272
0.079047962317825
0.014366591024696
0.026865699369355
0.0 
0.0 
0.0 
0.0 
7.3484674295522E-5
0.059337087909797
0.098842304085879
0.085230836686667
0.066494881694643
0.063263325801322
0.015609037482159
0.036298292854228
0.0 
0.0 
0.0 
0.0 
6.874938502111E-5
0.059239171923148
0.087820742301689
0.067489147998778
0.085795582941995
0.066008479978105
0.016756306881803
0.023881015523334
0.0 
0.0 
0.0 
0.0 
6.1001667711558E-5
0.020621106788454
0.042386112606222
0.04922876542234
0.069755730763831
0.051016194780809
0.034520976105895
0.076354026179695
0.0 
0.0 
0.0 
0.0 
0.0012359208171562
0.01882434843343
0.075274921972876
0.10261887045054
0.059488462748687
0.10837120011528
0.027807135000352
0.026798349021286
0.0 
0.0 
0.0 
0.0 
0.0010015291563399
0.017952896152246
0.06812263187888
0.081576402471886
0.083063520208352
0.06713149759588
0.040000087812717
0.055688103587883
0.0 
0.0 
0.0 
0.0 
0.00018858624822717
0.027837515004547
0.094210903123374
0.13763070792764
0.069887927347717
0.10518931686492
0.047151228913641
0.051824320461799
0.0 
0.0 
0.0 
0.0 
0.0 
0.013953028097601
0.091338262020048
0.056620153334172
0.049309325789467
0.018036910738819
0.018775603919294
0.041367292735239
0.0 
0.0 
0.0 
0.0 
0.00014360615838743
0.016327490773859
0.041565358005272
0.075151671352351
0.074867332007421
0.052738155128064
0.015207750427575
0.053171327423186
0.0 
0.0 
0.0 
0.0 
2.4842214755527E-5
0.018515913075483
0.04379898302643
0.046181438827112
0.13902674072008
0.10830881024763
0.049157664186561
0.12169144469587
0.0 
0.0 
0.0 
0.0 
0.0 
0.007240887212755
0.049292176319933
0.054462858297704
0.06530511243967
0.11030528601256
0.024715166797723
0.046436292616249
0.0 
0.0 
0.0 
0.0 
0.0 
0.0081906722832583
0.10235982380424
0.08116380506054
0.12598334444333
0.086597136303979
0.024306162684397
0.070469732611529
0.0 
0.0 
0.0 
0.0 
0.0 
0.03925941484725
0.12463744868718
0.064483081144684
0.052393912746806
0.076489977744004
0.030765340851453
0.045833684238786
0.0 
0.0 
0.0 
0.0 
0.0 
0.00032684356343713
0.030977623653012
0.082814194705924
0.115936404068
0.10706101289454
0.039254105467657
0.0335262943179
0.0 
0.0 
0.0 
0.0 
0.0 
0.029541253172254
0.14580119232597
0.1023831005012
0.084429551575173
0.047765682676027
0.048540299487201
0.037716194918847
0.0 
0.0 
0.0 
0.0 
0.0 
0.014834271977449
0.058490490383441
0.17346774022743
0.083504175487972
0.032099586908067
0.032000070250174
0.03433095373957
0.0 
0.0 
0.0 
0.0 
0.0 
0.0028390740329118
0.070115893052617
0.049600103092552
0.032260373020973
0.051577703589697
0.04643097009772
0.043635936038628
0.0 
0.0 
0.0 
0.0 
0.0 
0.0090817077617718
0.099076805400437
0.13055760944742
0.1128077515827
0.073183314758334
0.041543499561118
0.069867124234066
0.0 
0.0 
0.0 
0.0 
0.0 
0.009253060738409
0.039531059101488
0.10527128238063
0.050675357156289
0.076115638538079
0.065234869899068
0.065258942524057
0.0 
0.0 
0.0 
0.0 
0.0 
0.0084354622498829
0.064487861503243
0.068726940232817
0.087337876420665
0.090777257436808
0.033337693765455
0.041367292735239
0.0 
0.0 
0.0 
0.0 
0.0 
0.012009395762602
0.12557545394541
0.059472969721194
0.11038414754479
0.13838072645693
0.037453458427856
0.048421355506715
0.0 
0.0 
0.0 
0.0 
1.3896371792232E-5
0.0 
0.0058572565843536
0.081458517497215
0.067464323309807
0.10787208117405
0.024599410916593
0.041083712322315
0.0 
0.0 
0.0 
0.0 
0.0 
0.016993319483078
0.056784493320037
0.065720873378723
0.032674588983816
0.043916227841766
0.035498470213215
0.059977257333354
0.0 
0.0 
0.0 
0.0 
0.0015897779459413
0.086900438151725
0.082251336080954
0.0894746957748
0.055302237592298
0.11473496661601
0.049492070065382
0.061111578985048
0.0 
0.0 
0.0 
0.0 
9.7996759951307E-6
0.035142047608624
0.088582871574
0.13497829599756
0.077467198157179
0.084101541597812
0.064385993437448
0.067598480930677
0.0 
0.0 
0.0 
0.0 
0.0 
0.013483031361682
0.049192513261246
0.098905493748428
0.081609357785606
0.14380864494285
0.024092657392535
0.043529593383782
0.0 
0.0 
0.0 
0.0 
0.0 
0.0068541190654882
0.0800821989213
0.073972821605648
0.04472651088142
0.11361194899823
0.02330551740085
0.04962657226164
0.0 
0.0 
0.0 
0.0 
0.0 
0.0048111020040394
0.026668661998023
0.1246633607139
0.061030756227357
0.056007384193143
0.038559570180877
0.038141565538232
0.0 
0.0 
0.0 
0.0 
0.0 
0.001035461558822
0.045710168740071
0.083639389528617
0.061074821755318
0.064386343419097
0.025193624439727
0.065223494972442
0.0 
0.0 
0.0 
0.0 
0.0 
0.0096006624910159
0.054568455897471
0.034605134314483
0.06420347424062
0.12053722430784
0.010767869298009
0.032048131415535
0.0 
0.0 
0.0 
0.0 
0.0 
0.00013316574184376
0.0031429038683535
0.062302209113283
0.036464224388547
0.16857742240155
0.019022549799038
0.064975362111133
0.0 
0.0 
0.0 
0.0 
0.0 
0.0084305664505504
0.051015760981929
0.06648712571408
0.11725836990686
0.14805115594333
0.027138323242712
0.055120942762036
0.0 
0.0 
0.0 
0.0 
0.0 
0.001591624362993
0.035134159453539
0.10780580933604
0.081080571450062
0.086534746436325
0.081672205019536
0.11049001838538
0.0 
0.0 
0.0 
0.0 
0.0 
0.067610988781708
0.068357133193437
0.14417332402184
0.080683981698404
0.10069724639382
0.063408499330128
0.052143348426338
0.0 
0.0 
0.0 
0.0 
2.3449482615993E-5
0.0020444858012485
0.013354849864035
0.072086662010922
0.07239966244155
0.19459399721334
0.039408446642497
0.040055733325467
0.0 
0.0 
0.0 
0.0 
0.0 
0.012146478143912
0.029746491751587
0.059060372309848
0.070989565546766
0.054722152919467
0.047357017146761
0.080465942167088
0.0 
0.0 
0.0 
0.0 
5.5956882406136E-6
0.010222429006242
0.048635572639173
0.091596625318866
0.012118020189547
0.055801497629884
0.0088051640246258
0.034224611084724
0.0 
0.0 
0.0 
0.0 
0.0 
0.015274893917374
0.14462868575318
0.068726940232817
0.07394195592022
0.16090346868009
0.025955040902271
0.048811278574485
0.0 
0.0 
0.0 
0.0 
0.0 
0.013938340699603
0.049989817730741
0.15743538367226
0.029995404883727
0.12184741152858
0.037865034894097
0.042430719283702
0.0 
0.0 
0.0 
0.0 
0.0 
0.0012019187361267
0.015447774096459
0.068432227796141
0.059003741941105
0.17200886512253
0.02363992327967
0.063061194323899
0.0 
0.0 
0.0 
0.0 
0.0 
0.0044287400761718
0.017200671422774
0.046205015822046
0.048868670509847
0.17949564924103
0.043549934834039
0.031906341209073
0.0 
0.0 
0.0 
0.0 
0.0 
0.014951771161429
0.039789010547501
0.074621188966335
0.094476491950507
0.11548364502786
0.044656046587059
0.072702928363303
0.0 
0.0 
0.0 
0.0 
0.0 
0.0040664509255675
0.064194734860046
0.042951390521144
0.022786284509145
0.074243942508454
0.017324796875798
0.044734810138707
0.0 
0.0 
0.0 
0.0 
2.1675038704886E-5
0.028351573934459
0.081020204179529
0.072852914346279
0.034600252555755
0.07043816058155
0.01770550510707
0.0674212431726
0.0 
0.0 
0.0 
0.0 
0.0 
0.011583461220675
0.037291571547466
0.081988999883232
0.053010830138274
0.12421822649944
0.055279864121884
0.063273879633591
0.0 
0.0 
0.0 
0.0 
0.0 
0.0 
0.053255248535951
0.084995066737326
0.078568836356229
0.0558888434446
0.06860465221641
0.057708614029965
0.0 
0.0 
0.0 
0.0 
0.0 
0.0018481642480156
0.030930723390101
0.090535660546833
0.092802001887951
0.10961899746837
0.054430987660264
0.052001558219876
0.0 
0.0 
0.0 
0.0 
0.0 
9.6006624910158E-5
0.046829912517082
0.088472673490102
0.023500146062129
0.096766684731607
0.047125505384501
0.035482999167073
0.0 
0.0 
0.0 
0.0 
0.0 
0.0 
0.012235106087024
0.072027719523587
0.066450816166681
0.10887031905652
0.026701023247332
0.025171306402136
0.0 
0.0 
0.0 
0.0 
0.0 
0.00096202456883459
0.039021018742326
0.078157738206445
0.082446602816884
0.071561178199325
0.057337746453085
0.063699250252977
0.0 
0.0 
0.0 
0.0 
0.0 
0.0 
0.067184626620651
0.085466606636007
0.056492006847272
0.080420539406217
0.054662499422524
0.057460481168656
0.0 
0.0 
0.0 
0.0 
0.0 
0.0 
0.045018389862127
0.15218950229943
0.053495550945856
0.1603419598712
0.054585328835104
0.04806687999056
0.0 
0.0 
0.0 
0.0 
0.0 
0.017218526252373
0.046026745514724
0.1298502995994
0.08015519536286
0.14112588063372
0.033414864352875
0.069725334027605
0.0 
0.0 
0.0 
0.0 
0.0 
0.006065895372957
0.033387124660088
0.058559361167499
0.046224738832128
0.06862885441958
0.029736399685853
0.057921299339657
0.0 
0.0 
0.0 
0.0 
0.0 
0.00028645321894408
0.049655653357497
0.083993044452628
0.0439377379309
0.073495264096605
0.01867013744982
0.04065834170293
0.0 
0.0 
0.0 
0.0 
0.0 
0.028694279887733
0.094621280423849
0.097608759027054
0.036221863984756
0.12197219126389
0.036141558441716
0.03987849556739
0.0 
0.0 
0.0 
0.0 
0.0 
0.0006932451854808
0.010388408234886
0.053661240469946
0.060854494115509
0.13669620003027
0.040102981929277
0.074652543702153
0.0 
0.0 
0.0 
0.0 
0.0 
0.00092383733404116
0.038065425885505
0.033597217781051
0.042510014824932
0.10693623315924
0.0092913387253721
0.042288929077241
0.0 
0.0 
0.0 
0.0 
0.0 
0.00034500697896068
0.0029242313925289
0.041389414606762
0.060634166475699
0.10406629924714
0.059549969959126
0.0561843693105
0.0 
0.0 
0.0 
0.0 
5.641080991828E-6
0.017086339670395
0.098607802771322
0.16215078265907
0.08923269412303
0.10475258779134
0.04586505245664
0.023164974980701
0.0 
0.0 
0.0 
0.0 
0.0 
0.0027073770308678
0.044203497794041
0.083285734604606
0.074999528591307
0.084288711200775
0.038585293710017
0.099394934729742
0.0 
0.0 
0.0 
0.0 
0.0 
0.00078430705306514
0.042872702833929
0.079041875516473
0.079670474555278
0.143059966531
0.071537134538371
0.035518446718688
0.0 
0.0 
0.0 
0.0 
0.0 
0.0 
0.0015858151396934
0.04889279324453
0.03169633426306
0.018623375494768
0.052475999445623
0.014093946522306
0.0 
0.0 
0.0 
0.0 
5.6895687033527E-5
0.0051650682957786
0.043980721545212
0.075210613839687
0.056183548151538
0.11585798423378
0.029273376161333
0.065365285178903
0.0 
0.0 
0.0 
0.0 
0.0 
0.00023729939364586
0.024722301087198
0.11558621766428
0.11205863760734
0.10157070454098
0.044218746591679
0.061005236330202
0.0 
0.0 
0.0 
0.0 
0.0 
0.0003010427009549
0.12170618225521
0.03217080958754
0.095534064621595
0.11623232343971
0.021113872718121
0.045656446480709
0.0 
0.0 
0.0 
0.0 
0.0 
0.011196693073408
0.054873307606396
0.13379944625085
0.05204138852311
0.071810737669942
0.049749305356782
0.0079012592550854
0.0 
0.0 
0.0 
0.0 
0.0 
0.00016993319483078
0.024235710859491
0.034351681618941
0.057461448462435
0.07792494470005
0.040180152516698
0.065046257214364
0.0 
0.0 
0.0 
0.0 
0.0 
0.0 
0.010552559155076
0.092362877654223
0.10522848077323
0.067755396272421
0.028167264408312
0.023381205045556
0.0 
0.0 
0.0 
0.0 
0.0 
7.9556739152987E-5
0.022711452314869
0.077921968257105
0.0735013006406
0.12927180577943
0.041311987798858
0.045266523412939
0.0 
0.0 
0.0 
0.0 
0.0 
0.0 
0.022928366030835
0.06796068789746
0.084341420519249
0.070812499787475
0.020774322133473
0.0488467261261
0.0 
0.0 
0.0 
0.0 
0.0 
0.0 
0.0062729101644063
0.10179367562785
0.077995984492723
0.093085682540012
0.036810370199356
0.04572734158394
0.0 
0.0 
0.0 
0.0 
0.0 
0.0 
0.0041319131624987
0.066310298252075
0.068874420204591
0.081543557023992
0.049234834773981
0.030768474802217
0.0 
0.0 
0.0 
0.0 
0.0 
0.0025081179980354
0.037215358620235
0.16044145052635
0.069359141012173
0.066632378654647
0.027884305587772
0.038177013089848
0.0 
0.0 
0.0 
0.0 
0.0 
0.00080291109052862
0.01870147983594
0.075446383789027
0.087646335116399
0.083727202391887
0.034546699635035
0.057035110549271
0.0 
0.0 
0.0 
0.0 
0.0 
0.00014613961007487
0.05589338832472
0.090476718059498
0.091347839465206
0.078236894038321
0.075730069788193
0.045053838103246
0.0 
0.0 
0.0 
0.0 
0.0 
0.0 
0.0089814003475426
0.077155715921747
0.054376861505096
0.14181216917791
0.037890758423237
0.084471515499635
0.0 
0.0 
0.0 
0.0 
0.0 
0.0 
0.0099897560001387
0.059237199771853
0.052966764610312
0.12365671769055
0.027395558534112
0.051717977806952
0.0 
0.0 
0.0 
0.0 
0.0 
4.5202915236897E-5
0.0031558014406542
0.041171327403622
0.020997224073888
0.025205506532282
0.025955040902271
0.052426928839261
0.0 
0.0 
0.0 
0.0 
0.0 
0.0 
0.0043945546348028
0.0051810446367621
0.0082710995984656
0.097203413805187
0.024398767389301
0.027769611935549
0.0 
0.0 
0.0 
0.0 
0.0 
5.453920456396E-5
0.039695210021678
0.0084346699376639
0.0540243372814
0.082791354377075
0.030508105560053
0.03029347761057
0.0 
0.0 
0.0 
0.0 
0.0 
0.00059483961889772
0.0067067375963373
0.11252120832285
0.057241120822625
0.11467257674835
0.033723546702555
0.0336184579521
0.0 
0.0 
0.0 
0.0 
0.0 
0.0 
0.031692852662412
0.054297819333166
0.050719422684251
0.052045627597103
0.042263758377038
0.074085382876306
0.0 
0.0 
0.0 
0.0 
0.0 
0.0 
0.026017920850127
0.063127403935975
0.060457904363851
0.05679973551235
0.037402011369576
0.054731019694266
0.0 
0.0 
0.0 
0.0 
0.0 
0.0 
0.024698850955742
0.032624666740021
0.093022329527761
0.094458259628403
0.052913299441003
0.059126516094583
0.0 
0.0 
0.0 
0.0 
0.0 
0.00070646384367853
0.038364415061566
0.060298164543887
0.086324369277539
0.084413490936083
0.043292699542639
0.087874480454719
0.0 
0.0 
0.0 
0.0 
0.0 
0.0 
0.020765091404044
0.06306846144864
0.065437309023556
0.095144548172599
0.030456658501773
0.023108258898117
0.0 
0.0 
0.0 
0.0 
0.0 
3.7888591034156E-5
0.0062787726972703
0.060474992005892
0.039570844109867
0.086721916039287
0.053685005315203
0.085499494496483
0.0 
0.0 
0.0 
0.0 
0.0 
0.0050818397071262
0.012194068356977
0.16556944692451
0.065877964303175
0.084787830142008
0.015040547488165
0.013441711572581
0.0 
0.0 
0.0 
0.0 
0.0 
0.0 
0.0021873110115327
0.074444361504329
0.066274554054833
0.074306332376109
0.025955040902271
0.022356770803869
0.0 
0.0 
0.0 
0.0 
0.0 
0.00094488927117087
0.0019469471641115
0.062714806524629
0.030409620846569
0.10132114507036
0.032591711420394
0.10070649413951
0.0 
0.0 
0.0 
0.0 
0.0 
0.00017360504433015
0.013900065420381
0.022633915136708
0.039372549234038
0.079796640729675
0.023495871516486
0.036794558576845
0.0 
0.0 
0.0 
0.0 
0.0 
0.0 
0.030233081979293
0.08470035430065
0.092846067415913
0.083103303715346
0.080128793271135
0.060367180401124
0.0 
0.0 
0.0 
0.0 
0.0 
0.0017869667563594
0.015289485709132
0.085466606636007
0.061427345979014
0.1094318278654
0.051549952396582
0.046329949961403
0.0 
0.0 
0.0 
0.0 
0.0 
0.007808799935324
0.027020413969859
0.029477137916322
0.091171577353358
0.058590324714025
0.011886842815599
0.050300075742334
0
0
0
0
0
4.910486730489E-5
0.0019164619932191
0.046157861832178
0.033304726033672
0.10213221334987
0.058083728798145
0.04806687999056
0
0
0
0
0
0.00020851209357081
0.046865087714266
0.085466606636007
0.062176459954368
0.081418777288683
0.0467396524474
0.059055620991352
0
0
0
0
0
0.00021071520327044
0.022248312218619
0.07297079932095
0.062837442873798
0.073557653964259
0.0063099816980448
0.077630138037852
0
0
0
0
0
0
0.037303296613194
0.10067376836848
0.025981035286389
0.11685622211625
0.033543481998575
0.04065834170293
0
0
0
0
0
0
0.003222634315303
0.075741096225703
0.066010160887061
0.15023480131123
0.034932552572135
0.049272096745486
0
0
0
0
0
0
0.046114683507683
0.086468628920706
0.05204138852311
0.082167455700533
0.026263723251951
0.044663915035476
0
0
0
0
0
0
0.0077092307160695
0.05241165973844
0.072091203745816
0.06713149759588
0.021365963303693
0.055617208484653
0
0
0
0
0
0.00045805098554791
0.0045129777986542
0.035801666807387
0.060986690699394
0.11766729039575
0.0097466451911503
0.065613418040212
0
0
0
0
0
0.00018623620660798
0.0038071288418369
0.023235128507527
0.084165158407401
0.071062059258092
0.033980781993955
0.037787090022078
0
0
0
0
0
0
0.008090295352225
0.050124691229835
0.073633497224486
0.084288711200775
0.052527446503903
0.051540740048875
0
0
0
0
0
0
0.017974525760813
0.035141510949233
0.069006616788477
0.1259027529261
0.058675369968366
0.032122571273927
0
0
0
0
0
0
0.0040463201826853
0.072381374447598
0.031498039387231
0.085286949083241
0.028656011461973
0.039772152912543
0
0
0
0
0
0.00048585912575646
0.011813003720821
0.08788324861675
0.048736473925961
0.19141211396297
0.021221911540509
0.037645299815616
0
0
0
0
0
0
0.075274921972876
0.070672042314878
0.048648342870037
0.084725440274354
0.061504958173767
0.028691248277551
0
0
0
0
0
0.0001646457315517
0.015594337418057
0.06124124434125
0.043519115415262
0.072933755287717
0.050675352405822
0.083691669364095
0
0
0
0
0
0
0.0021855522516735
0.046599930487191
0.044594314297534
0.12265847980809
0.058726817026646
0.07631857862808
0
0
0
0
0
0.0027240227485983
0.012733421380458
0.13132386178278
0.064379736352468
0.086222797098054
0.074958363913993
0.057389586065425
0
0
0
0
0
0.0011211380471406
0.037696086315077
0.13680551310495
0.067860913061465
0.1385678960599
0.017160166289301
0.03244868874879
0
0
0
0
0
2.7000333318692E-5
0.005880120462523
0.038029692828657
0.074294480143916
0.099699008511353
0.032540264362114
0.096169207532736
0
0
0
0
0
0.00035078402217302
0.0092159016620998
0.074267534042324
0.058519021133523
0.11897747761649
0.052630340620463
0.037326271851077
0
0
0
0
0
0
0.0025097503190489
0.015442931681817
0.087205679836779
0.091401156113349
0.047125505384501
0.050264628190719
0
0
0
0
0
0
0.010388408234886
0.040640845017605
0.076497756542015
0.047984047212817
0.049697858298502
0.036546425715537
0
0
0
0
0
0
0.00013507275718498
0.0553941495976
0.081565292257644
0.082978523980037
0.028836076165953
0.051044474326259
0
0
0
0
0
0
0.0012428569671534
0.092127107704883
0.069403206540135
0.18629614481533
0.043292699542639
0.0079083487654085
0
0
0
0
0
0
0.025460980228053
0.067017608100097
0.039500339265128
0.10313045123233
0.064437440495728
0.04611726465171
0
0
0
0
0
0.00027127624101335
0.001069325994381
0.024425766751698
0.041571419079342
0.10656189395331
0.031228364375974
0.058594802820351
0
0
0
0
0
0
0.0059094331268426
0.011405371299357
0.040522659513846
0.085286949083241
0.033492034940295
0.093156165645422
0
0
0
0
0
0
0.012598583124588
0.036043331005461
0.047546704670987
0.053936040587024
0.049723581827642
0.053348565181263
0
0
0
0
0
0
0.040515964622628
0.069021652669493
0.091744429216864
0.064012004213172
0.015933153949323
0.052249691081184
0
0
0
0
0
0
0.023702220368874
0.04249163911993
0.056359810263386
0.099075109834811
0.052373105329063
0.059622781817199
0
0
0
0
0
0
0.0087175863686656
0.022073961507024
0.115936404068
0.080545319141525
0.058238069972985
0.071674949366455
0
0
0
0
0
0
0.012903434833513
0.066428183226745
0.033428109511966
0.12390627716117
0.031537046725654
0.042111691319163
0
0
0
0
0
0.00086312942231826
0.041623983333911
0.092421820141558
0.059840986972383
0.096267565790374
0.066032299302409
0.074475305944076
0
0
0
0
0
0.00025732321291575
0.0098256050799486
0.051810446367621
0.076585887597939
0.15273039601739
0.036553134907956
0.052568719045723
0
0
0
0
0
0
0.0060677215141688
0.0060003452107211
0.020746050564505
0.10718579262985
0.036475964320536
0.068059299101678
0
0
0
0
0
0.001275355726114
0.023497031718636
0.047584270025689
0.074074152504106
0.1079344710417
0.030482382030913
0.029439191616637
0
0
0
0
0
0.0027514392248602
0.044267985655544
0.078629278105127
0.064820391632088
0.19896128794913
0.059704311133966
0.062245900636743
0
0
0
0
0
0
0.0029271626589608
0.024036746335285
0.059708790388497
0.060904988803994
0.072488905116552
0.045266523412939
0
0
0
0
0
0
0.00028427421857202
0.018790864962455
0.046621328583786
0.0861604072304
0.067498540463389
0.051328054739182
0
0
0
0
0
0
0.0015430186497867
0.01799514138343
0.068081240701275
0.174629239564
0.040951858390898
0.031654663592603
0
0
0
0
0
0
0.0008178233345184
0.0024702796442173
0.024460774571701
0.050011717911577
0.025929317373131
0.02809218465525
0
0
0
0
0
0
0.0013038273089383
0.040823566728344
0.036587607866841
0.036797543942426
0.084836199103757
0.035305761408996
0
0
0
0
0
0
0.0055225059578232
0.069611077542845
0.043871639638958
0.064448733286751
0.017198751583011
0.061855977568973
0
0
0
0
0
0.0012063249555259
0.010511521425029
0.12649057782129
0.080419588530632
0.13956613394236
0.054019411194024
0.057176900755733
0
0
0
0
0
0.00072457830120875
0.0049069400071104
0.032394791039414
0.032617303797465
0.076115638538079
0.027241217359272
0.0073553669602074
0
0
0
0
0
0.00036860473174328
0.0035990089251673
0.035901869035857
0.058166496909827
0.13114350180905
0.023243780930914
0.044132201761244
0
0
0
0
0
0
0.010968798988415
0.068432227796141
0.037565862587597
0.10637472435035
0.06947925220717
0.041969901112701
0
0
0
0
0
0
0.0024212260728036
0.050708221854453
0.045784083552508
0.1019450437469
0.049209111244841
0.075007019218308
0
0
0
0
0
0.00047224880361213
0.02879676142763
0.19032529160529
