0.478144
0.479772
0.47920300000000005
0.477945
0.4877845
0.5693455000000001
0.6027665
0.6851510000000001
0.6921425
0.7142850000000001
0.714486
0.7410055
0.740351
0.730664
0.7287585
0.7200565
0.722081
0.718943
0.713537
0.71498
0.8171885
0.83684
0.830273
0.826855
0.819698
0.864687
0.8756875
0.8471770000000001
0.8409455
0.8382965
0.8334969999999999
0.8306135
0.824454
0.8203045
0.8171539999999999
0.8184885
0.8131785
0.8113415
0.812663
0.8100805
0.8065665
0.809591
0.820192
0.9419325
0.9958125
0.9934350000000001
0.9969985000000001
0.986407
0.9925744999999999
0.977106
0.9593305000000001
0.95564
0.9538645
0.9482815
0.946661
0.945306
0.9426319999999999
0.9415
0.9424485
0.938291
0.93857375
0.9388565
0.946913
0.962933
0.9767345000000001
0.968302
0.9806355
0.9662850000000001
0.9840329999999999
0.9860665
0.9848874999999999
1.0094949999999998
0.9934514999999999
1.0000140000000002
1.0366
1.06657
1.0684
1.019765
1.035885
1.0428350000000002
1.022645
1.024305
1.022165
1.00885
1.017805
1.008265
1.00307
0.9991855000000001
0.9948375
0.9837145
0.9787455
1.01894
1.018475
0.9843850000000001
0.9758
0.988679
1.062975
1.064745
1.064755
1.04148
0.9763855
0.9742045
0.977312
0.974635
0.974526
0.9749485
0.9649035
0.9702575
0.9676309999999999
0.9654995
0.961936
0.9571965
0.966995
0.9647060000000001
0.962557
0.9622355
0.9628175
0.954973
0.935551
0.8891454999999999
0.9099619999999999
0.9291119999999999
0.9329345
0.9345485
0.9305235000000001
0.910377
0.911783
0.898189
0.888252
0.8854355
0.8782065
0.8733185000000001
0.8739695000000001
0.876028
0.870811
0.87304
0.8711105
0.8680165
0.869456
0.8664419999999999
0.868959
0.8674375
0.866324
0.8562715000000001
0.8418950000000001
0.8381695
0.823171
0.8167085000000001
0.8046125
0.789381
0.775682
0.746786
0.7424845
0.7364345
0.723636
0.7058245000000001
0.7011275
0.697906
0.6954515
0.68757
0.6598664999999999
0.6544055
0.642587
0.620071
0.6087830000000001
0.5961335000000001
0.5566335
0.5321635
0.5008779999999999
0.484072
0.453063
0.412633
0.38463
0.351584
0.308724
0.2715685
0.218589
0.1613425
0.138629
0.107594
0.08061185
0.0
0.0
0.0
0.0
0.0
0.0
0.0
0.0
0.0
0.0
0.0
0.0
0.0
0.0
0.0
0.0
0.0
0.0
0.0
0.0
0.0
0.0
0.0
0.0
0.0
0.0
0.0
0.0
0.0
0.0
0.0
0.0
0.0
0.0
0.0
0.0
0.0
0.0
0.0
0.0
0.0
0.0
0.0
0.0
0.0
0.0
0.0
0.0
0.0
0.0
0.0
0.0
0.0
0.0
0.0
0.0
0.0
0.0
0.0
0.0
0.0
0.0
0.0
0.0
0.0
0.0
0.0
0.0
0.0
0.0
0.0
0.0
0.0
0.0
0.0
0.0
0.0
0.0
0.0
0.0
0.0
0.0
0.0
0.0
0.0
0.0
0.0
0.0
0.0
0.0
0.0
0.0
0.0
0.0
0.0
0.0
0.0
0.0
0.0
0.0
0.0
0.0
0.0
0.0
0.0
0.0
0.0
0.0
0.0
0.0
0.11220150000000001
0.187436
0.227906
0.2038855
0.280508
0.26640949999999997
0.23861500000000002
0.237425
0.2428885
0.33143849999999997
0.360046
0.36359050000000004
0.3817075
0.3791665
0.4228475
0.4140185
0.4137135
0.41031399999999996
0.425162
0.49607650000000003
0.649884
0.6349294999999999
0.618402
0.613768
0.6285035
0.62379
0.6132535
0.594163
0.5997135
0.6117710000000001
0.606526
0.6023350000000001
0.5975440000000001
0.596747
0.5935765
0.60309
0.5946644999999999
0.5953189999999999
0.608236
0.599583
0.6840364999999999
0.671979
0.641383
0.6562105
0.6549425
0.6249965
0.6177215
0.624042
0.649106
0.61719
0.592008
0.6233420000000001
0.6593455
0.620261
0.615027
0.6187055
0.578876
0.5820805
0.6032295
0.5943864999999999
0.588842
0.579985
0.5832465
0.590661
0.6176429999999999
0.6373
0.616228
0.5998835
0.5904469999999999
0.581405
0.572854
0.5828199999999999
0.6020989999999999
0.5954105
0.6216155
0.6265860000000001
0.637171
0.6281215
0.637923
0.6391804999999999
0.6406890000000001
0.640102
0.6382215
0.6418305
0.6388055
0.635187
0.6306674999999999
0.63524
0.6339145
0.636114
0.6218695000000001
0.6482330000000001
0.6328214999999999
0.6283179999999999
0.6265105
0.6274515
0.629523
0.665789
0.6629510000000001
0.6711815
0.6197095
0.609407
0.6171815
0.645853
0.615715
0.6059114999999999
0.6039140000000001
0.601899
0.603646
0.6137144999999999
0.6030165000000001
0.604075
0.60507
0.6298090000000001
0.659734
0.71347
0.679342
0.680009
0.677848
0.676491
0.6750295
0.6904715
0.7284820000000001
0.70669
0.732458
0.729329
0.7118530000000001
0.7105349999999999
0.7091270000000001
0.707948
0.7071605000000001
0.708643
0.7065655
0.7086435
0.713033
0.7072215
0.7066375
0.7023705
0.705126
0.706653
0.70922
0.7059495
0.7062855
0.7098629999999999
0.7086165
0.7058155
0.702854
0.708784
0.706113
0.705359
0.70577
0.70743
0.7060555
0.70849
0.707429
0.7076595
0.737545
0.8330825
0.8218605
0.7172164999999999
0.7128975
0.7482519999999999
0.7382775
0.806311
0.7930710000000001
0.8941605
0.868887
0.8654474999999999
0.8628385000000001
0.891748
0.754806
0.7844795
0.7603265
0.7546195
0.754642
0.750259
0.7465459999999999
0.8326835
0.8902749999999999
0.8826164999999999
0.8724894999999999
0.865598
0.853978
0.847994
0.8323725
0.82435
0.8252765
0.823939
0.8207075
0.880252
0.8179205
0.8360405
0.8454035
0.845982
0.842283
0.829054
0.81567
0.8172035
0.8067375
0.804272
0.8031215
0.801625
0.799922
0.8004605
0.8014635
0.8016925
0.79994
0.799321
0.7967295000000001
0.836044
0.818252
0.801741
0.8008715
0.798281
0.795696
0.795691
0.7946409999999999
0.7904465
0.7916115
0.7899805
0.7879945
0.786432
0.7837135
0.7826495
0.777527
0.7748569999999999
0.771679
0.7652840000000001
0.7616285
0.732987
0.716567
0.6864325
0.6562600000000001
0.6304449999999999
0.595693
0.5595574999999999
0.5265225
0.478068
0.431047
0.389519
0.33817549999999996
0.30285249999999997
0.239155
0.148376
0.09000095
0.0750662
0.0
0.0
0.0
0.0
0.0
0.0
0.0
0.0
0.0
0.0
0.0
0.0
0.0
0.0
0.0
0.0
0.0
0.0
0.0
0.0
0.0
0.0
0.0
0.0
0.0
0.0
0.0
0.0
0.0
0.0
0.0
0.0
0.0
0.0
0.0
0.0
0.0
0.0
0.0
0.0
0.0
0.0
0.0
0.0
0.0
0.0
0.0
0.0
0.0
0.0
0.0
0.0
0.0
0.0
0.0
0.0
0.0
0.0
0.0
0.0
0.0
0.0
0.0
0.0
0.0
0.0
0.0
0.0
0.0
0.0
0.0
0.0
0.0
0.0
0.0
0.0
0.0
0.0
0.0
0.0
0.0
0.0
0.0
0.179186
0.279077
0.26107650000000004
0.24532199999999998
0.235563
0.2506615
0.239779
0.2375625
0.23973899999999998
0.22700199999999998
0.23046250000000001
0.2530875
0.2488145
0.24551499999999998
0.24314
0.240541
0.239965
0.2409185
0.237925
0.2420765
0.355834
0.3246735
0.30654499999999996
0.3191335
0.339594
0.3574165
0.34521500000000005
0.40599949999999996
0.4500955
0.42999149999999997
0.4215915
0.420014
0.4418115
0.43770600000000004
0.438733
0.44078799999999996
0.4081985
0.400795
0.40067050000000004
0.400125
0.40995400000000004
0.4153515
0.4098885
0.40733549999999996
0.4118895
0.435894
0.386999
0.3903525
0.392768
0.4011265
0.391847
0.42158450000000003
0.474087
0.39455300000000004
0.4718135
0.5079865
0.5058285
0.41847049999999997
0.4307485
0.433654
0.4565795
0.4519565
0.453738
0.46511800000000003
0.46325700000000003
0.4630965
0.465196
0.48907100000000003
0.48875250000000003
0.502021
0.48878849999999996
0.4858345
0.5723795
0.5998209999999999
0.6337085
0.6303890000000001
0.6258395
0.6148184999999999
0.6262289999999999
0.595844
0.5122825
0.4714795
0.469254
0.47022200000000003
0.47928899999999997
0.4809595
0.48444
0.4784035
0.5157244999999999
0.5145365
0.5213274999999999
0.5185660000000001
0.537921
0.5639190000000001
0.5636315000000001
0.5647245000000001
0.5591969999999999
0.559279
0.556226
0.5571794999999999
0.5559235
0.5753865
0.5638825000000001
0.5607675
0.5631185000000001
0.564891
0.5628
0.553064
0.55391
0.569961
0.5898545
0.607742
0.631051
0.6192545
0.621383
0.614349
0.6385715000000001
0.6481570000000001
0.6096379999999999
0.601799
0.5517434999999999
0.588529
0.568648
0.6132605
0.5821419999999999
0.570651
0.5843015
0.519134
0.515767
0.5255885
0.5182785
0.5204345
0.517066
0.5156135
0.524573
0.5382795
0.651848
0.645444
0.6356245
0.7075585
0.6713245
0.6691769999999999
0.6692495
0.6709689999999999
0.6681305
0.6681935
0.8091524999999999
0.927779
0.9410745
0.9647165
0.942976
0.9323625
0.912563
0.9577244999999999
0.9402554999999999
0.9239634999999999
0.9114445
0.9084755
0.9074625000000001
0.9073599999999999
0.908701
0.906623
0.9080845
0.9047535
0.898517
0.9016855
0.899286
0.895611
0.897631
0.8962589999999999
0.894146
0.8948585
0.9462845
0.9699425
0.937392
0.931213
0.9359554999999999
0.9160705
0.9140010000000001
0.960781
0.9504205
1.001594
0.9812535
0.983012
0.8940285
0.9466025
0.953311
0.9562125
0.9230625
0.892042
0.890424
0.89038
0.8868050000000001
0.8877995
0.8866095
0.885038
0.8845395
0.882406
0.8857485
0.887432
0.8822814999999999
0.882654
0.8830655000000001
0.8849994999999999
0.8919885000000001
0.886001
0.8871555
0.8854569999999999
0.885436
0.8894975
0.894317
0.8859705
0.8898635
0.8857904999999999
0.8821829999999999
0.880206
0.877425
0.874978
0.876625
0.8708385000000001
0.8739889999999999
0.872644
0.8715605
0.8714999999999999
0.868566
0.8529305
0.7870375000000001
0.7228625
0.682005
0.6436065
0.6041190000000001
0.6021875000000001
0.6135554999999999
0.5762095
0.5384905
0.5024725
0.48551500000000003
0.427076
0.316656
0.41708449999999997
0.411196
0.40784750000000003
0.407967
0.40668
0.40267200000000003
0.4011285
0.40039800000000003
0.39692
0.3973915
0.397745
0.39545149999999996
0.3984495
0.3943135
0.396409
0.39224250000000005
0.38742
0.3597895
0.33865599999999996
0.3192155
0.2983075
0.26631
0.247189
0.208733
0.150407
0.1087131
0.0
0.0
0.0
0.0
0.0
0.0
0.0
0.0
0.0
0.0
0.0
0.0
0.0
0.0
0.0
0.0
0.0
0.0
0.0
0.0
0.0
0.0
0.0
0.0
0.0
0.0
0.0
0.0
0.0
0.0
0.0
0.0
0.0
0.0
0.0
0.0
0.0
0.0
0.0
0.0
0.0
0.0
0.0
0.0
0.0
0.0
0.0
0.0
0.0
0.0
0.0
0.0
0.0
0.0
0.0
0.0
0.0
0.0
0.0
0.0
0.0
0.0
0.0
0.0
0.0
0.0
0.0
0.0
0.0
0.0
0.0
0.0
0.0
0.0
0.0
0.0
0.0
0.0
0.0
0.0
0.0
0.0
0.0
0.0
0.0
0.0
0.0
0.0
0.0
0.0
0.0
0.0
0.0
0.0
0.0
0.0
0.0
0.0
0.0
0.0
0.0
0.0
0.0
0.0
0.0
0.0
0.0
0.0
0.162194
0.154491
0.14373000000000002
0.13522250000000002
0.18483
0.204252
0.2405245
0.19451
0.1963025
0.19809500000000002
0.1902005
0.19668000000000002
0.1959355
0.19385
0.197536
0.195641
0.196939
0.575869
0.6371955
0.593683
0.6662144999999999
0.650352
0.6098005
0.600514
0.5993735
0.5827905
0.535426
0.546203
0.527666
0.5227135
0.526462
0.6082035
0.6162890000000001
0.6281585000000001
0.6180005
0.6049800000000001
0.600317
0.5939585000000001
0.583884
0.5729415
0.5767074999999999
0.5814085
0.575672
0.5766145
0.579213
0.57002
0.580401
0.566727
0.619915
0.6320844999999999
0.6295185000000001
0.6067549999999999
0.618717
0.6296619999999999
0.692062
0.696766
0.709277
0.710933
0.7450645
0.783231
0.8019419999999999
0.751281
0.7275134999999999
0.7255130000000001
0.723236
0.7232705
0.7226575
0.7137560000000001
0.730611
0.7136635
0.711322
0.709374
0.7106005
0.707969
0.7079135000000001
0.708391
0.7075725
0.7078475
0.71184
0.710232
0.708026
0.7233225000000001
0.7141299999999999
0.708767
0.707179
0.706172
0.7059525
0.733582
0.74539
0.7383725
0.7166475
0.7384275
0.807387
0.7602720000000001
0.8093319999999999
0.867791
0.8449675000000001
0.8166825
0.8192885000000001
0.8171195
0.8160810000000001
0.8151360000000001
0.8179000000000001
0.8147925
0.814078
0.8144184999999999
0.8136685
0.8136335
0.812117
0.8121465000000001
0.811788
0.81208
0.8063675
0.8007565000000001
0.799572
0.8163515
0.8149885
0.8128725
0.811183
0.8072170000000001
0.8094334999999999
0.808922
0.8074505
0.809642
0.8131805
0.8182485
0.81272
0.846862
0.900435
0.899039
0.881852
0.8737109999999999
0.876612
0.872764
0.85695
0.8539485
0.8517015
0.8536360000000001
0.847454
0.8504929999999999
0.8412085
0.840542
0.842474
0.837788
0.829694
0.816686
0.805022
0.8144359999999999
0.8130605
0.811958
0.8038510000000001
0.8222725
0.8244469999999999
0.817461
0.823224
0.8780604999999999
0.9651415
0.937883
0.9299595
0.9186115
0.9090085
0.8471744999999999
0.7996425
0.7988595000000001
0.799801
0.812255
0.807026
0.807624
0.8485995
0.9106445
0.908643
0.9062515
0.900717
0.8997425
0.8938385
0.8947579999999999
0.888099
0.8802220000000001
0.88854
0.8895845
0.892263
0.8916405000000001
0.889875
0.893119
0.8897615
0.896221
0.917089
0.9200265000000001
0.9193375
0.9162429999999999
0.9624455000000001
0.9691645
0.968182
0.9413205
0.9146175000000001
0.9083829999999999
0.919429
0.9398234999999999
0.978237
0.9790725
0.9721015
0.9724595
0.9712354999999999
0.972518
0.9717085000000001
0.9721685
0.9668025
0.9566315
0.9689605
0.9568375
0.9590885
0.984237
1.012085
1.01041
1.001705
1.0006445
0.9676355
1.09957
1.032364
1.06472825
1.0970925
1.097674375
1.09825625
1.0946150000000001
1.0994199999999998
1.096775
1.0963150000000002
1.096025
1.091005
1.0901450000000001
1.0867149999999999
1.0845500000000001
1.0820699999999999
1.067135
1.0849950000000002
1.078595
1.079875
1.071955
1.072845
1.06746
1.058675
1.0561099999999999
1.09041
1.094015
1.0905
1.0749849999999999
1.058865
1.049735
1.045575
1.03837
1.03729
1.0411000000000001
1.082515
1.07694
1.05293
1.035145
1.028085
1.02515
0.9989350000000001
0.969349
0.951173
0.9198310000000001
0.8956855
0.8624704999999999
0.824346
0.801357
0.7808805
0.7422124999999999
0.6332585
0.6763859999999999
0.6444155
0.5948325
0.548801
0.5016115
0.4598335
0.3779305
0.29310899999999995
0.235135
0.16204049999999998
0.0775282
0.0
0.0
0.0
0.0
0.0
0.0
0.0
0.0
0.0
0.0
0.0
0.0
0.0
0.0
0.0
0.0
0.0
0.0
0.0
0.0
0.0
0.0
0.0
0.0
0.0
0.0
0.0
0.0
0.0
0.0
0.0
0.0
0.0
0.0
0.0
0.0
0.0
0.0
0.0
0.0
0.0
0.0
0.0
0.0
0.0
0.0
0.0
0.0
0.0
0.0
0.0
0.0
0.0
0.0
0.0
0.0
0.0
0.0
0.0
0.0
0.0
0.0
0.0
0.0
0.0
0.0
0.0
0.0
0.0
0.0
0.0
0.0
0.0
0.0
0.0
0.0
0.0
0.0
0.0
0.0
0.0
0.0
0.0
0.0
0.0
0.0
0.0
0.0
0.0
0.0
0.0
0.0
0.0
0.0
0.0
0.0
0.0
0.145223
0.07146559999999999
0.13864010000000002
0.2954415
0.3469565
0.3087995
0.2982255
0.388374
0.454275
0.435978
0.42258300000000004
0.41364650000000003
0.407432
0.4205255
0.3887465
0.384146
0.385123
0.38062799999999997
0.37825149999999996
0.1627615
0.1363655
0.146295
0.17859150000000001
0.210888
0.19742949999999998
0.1960085
0.148508
0.185509
0.1830325
0.18911050000000001
0.18911050000000001
0.1983801785714286
0.20764985714285716
0.21691953571428574
0.2261892142857143
0.23545889285714286
0.24472857142857143
0.25399825
0.26326792857142856
0.27253760714285713
0.2818072857142857
0.2910769642857143
0.30034664285714285
0.30961632142857143
0.318886
0.3281556785714286
0.33742535714285715
0.3466950357142857
0.3559647142857143
0.3652343928571429
0.37450407142857145
0.38377375
0.3930434285714286
0.4023131071428571
0.41158278571428575
0.42085246428571427
0.4301221428571429
0.4393918214285714
0.4486615
0.45793117857142857
0.46720085714285714
0.4764705357142857
0.4857402142857143
0.4950098928571428
0.5042795714285715
0.51354925
0.5228189285714286
0.5320886071428571
0.5413582857142857
0.5506279642857143
0.5598976428571428
0.5691673214285714
0.578437
0.5953375000000001
0.5947795
0.5940909999999999
0.636655
0.7697970000000001
0.737745
0.594234
0.6498065
0.7393624999999999
0.702644
0.675563
0.6654535
0.660047
0.689372
0.6955855
0.6804545
0.6754855
0.6706145
0.693235
0.629577
0.54333
0.516086
0.48772400000000005
0.5175475
0.546521
0.5428425
0.5439375
0.54534
0.5453615
0.5447655
0.540213
0.5555794999999999
0.5515905
0.551729
0.5484395
0.5482994999999999
0.546826
0.5447375000000001
0.5432475
0.5748865
0.6234505
0.600171
0.6306315
0.6334645
0.6763874999999999
0.706617
0.702307
0.705558
0.7087045
0.8782795
0.8543609999999999
0.848801
0.850085
0.85761
0.8500859999999999
0.8443240000000001
0.8429800000000001
0.915628
0.9629114999999999
0.8693725
0.894522
0.971258
0.891682
0.825841
0.8525515
1.044985
1.0226965
0.9418172499999999
0.860938
0.865169
0.865169
0.8627404375
0.860311875
0.8578833124999999
0.8554547499999999
0.8530261874999999
0.8505976249999999
0.8481690624999999
0.8457405
0.8433119375
0.840883375
0.8384548125
0.83602625
0.8335976875
0.831169125
0.8287405624999999
0.8263119999999999
0.8220775
0.8258540000000001
0.8227095
0.8226275000000001
0.8198775
0.823728
0.8211495
0.8228745
0.820939
0.796317
0.787643
0.787643
0.7881728571428571
0.7887027142857143
0.7892325714285714
0.7897624285714286
0.7902922857142858
0.7908221428571429
0.791352
0.791352
0.7946563043478262
0.7979606086956522
0.8012649130434784
0.8045692173913044
0.8078735217391305
0.8111778260869565
0.8144821304347827
0.8177864347826087
0.8210907391304348
0.8243950434782609
0.827699347826087
0.831003652173913
0.8343079565217392
0.8376122608695652
0.8409165652173913
0.8442208695652174
0.8475251739130435
0.8508294782608695
0.8541337826086957
0.8574380869565217
0.8607423913043478
0.864046695652174
0.867351
0.870655304347826
0.8739596086956521
0.8772639130434783
0.8805682173913043
0.8838725217391304
0.8871768260869565
0.8904811304347826
0.8937854347826086
0.8970897391304348
0.9003940434782608
0.9036983478260869
0.907002652173913
0.9103069565217391
0.9136112608695651
0.9169155652173913
0.9202198695652173
0.9235241739130434
0.9268284782608696
0.9301327826086956
0.9334370869565216
0.9367413913043477
0.9400456956521739
0.9433499999999999
0.9557585
0.9593355
0.956122
0.9469019999999999
0.9591324999999999
0.956431
0.9527895
0.944059
0.9417044999999999
0.9389265
0.9326095
0.9270670000000001
0.914281
0.9116394999999999
0.900675
0.8950785
0.0
0.0
0.0
0.0
0.0
0.0
0.0
0.0
0.0
0.0
0.0
0.0
0.0
0.0
0.0
0.0
0.0
0.0
0.0
0.0
0.0
0.0
0.0
0.0
0.0
0.0
0.0
0.0
0.0
0.0
0.0
0.0
0.0
0.0
0.0
0.0
0.0
0.0
0.0
0.0
0.0
0.0
0.0
0.0
0.0
0.0
0.0
0.0
0.0
0.0
0.0
0.0
0.0
0.0
0.0
0.0
0.0
0.0
0.0
0.0
0.0
0.0
0.0
0.0
0.0
0.0
0.0
0.0
0.0
0.0
0.0
0.0
0.0
0.0
0.0
0.0
0.0
0.0
0.0
0.0
0.0
0.0
0.0
0.0
0.0
0.0
0.0
0.0
0.0
0.0
0.0
0.0
0.0
0.0
0.0
0.0
0.0
0.0
0.0
0.0
0.0
0.0
0.0
0.0
0.0
0.0
0.0
0.0
0.0
0.0
0.0
0.0
0.0
0.0
0.0
0.0
0.0
0.0
0.0
0.0
0.0
0.0
0.0
0.0
0.0
0.0
0.0
0.0
0.0
0.0
0.0
0.0
0.0
0.0
0.0
0.0
0.0
0.0
0.0
0.0
0.0
0.0
0.0
0.0
0.0
0.0
0.0
0.0
0.0
0.0
0.0
0.0
0.0
0.0
0.0
0.0
0.0
0.0
0.0
0.0
0.0
0.0
0.0
0.0
0.0
0.0
0.0
0.7712535
0.7534505
0.7561595
0.748209
0.7858985
0.841452
0.8372425
0.843102
0.848112
0.8416239999999999
0.8381815
0.8253445
0.8317915
0.823106
0.8147605
0.8134875
0.8113795
0.808873
0.8155705
0.8017434999999999
0.8539785
0.8182400000000001
0.8171865
0.8153079999999999
0.8400755
0.8856455
0.86033
0.8315520000000001
0.811554
0.8121864999999999
0.8183205
0.822406
0.8337684999999999
0.8455125
0.7291175
0.794261
0.7725885
0.727641
0.7153835
0.7121185
0.7116525
0.714674
0.7669095
0.783541
0.7781115000000001
0.787413
0.775231
0.776888
0.7753935000000001
0.776294
0.7741785
0.7726565
0.77495
0.7680175
0.7739975
0.775539
0.776778
0.772648
0.7733730000000001
0.7745235
0.774025
0.7747729999999999
0.833726
0.7798940000000001
0.77441
0.7725394999999999
0.7742925
0.820408
0.8135445
0.81212
0.807641
0.8084325
0.807299
0.807491
0.8078179999999999
0.807377
0.807128
0.8081585
0.8017395
0.8050619999999999
0.82079
0.8468255
0.8030889999999999
0.803393
0.802638
0.802623
0.802773
0.799882
0.8013954999999999
0.801097
0.8032874999999999
0.802227
0.804747
0.912403
0.9190020000000001
0.939554
0.9290275
0.887186
0.8797455000000001
0.9844999999999999
1.058575
1.0497999999999998
0.9705444999999999
0.9209035
0.914343
0.9139855
0.9117715
0.9131309999999999
0.946075
0.963705
0.929382
0.9369325
0.9741955
0.996589
0.9936659999999999
0.986003
0.986591
0.973838
0.9665635
0.9688645
1.01207
0.9910395000000001
0.9830654999999999
0.9725874999999999
0.984093
1.0759400000000001
0.9566975
0.9550270000000001
0.957297
0.9635615
0.9595454999999999
0.9523489999999999
0.9557607499999999
0.9538683749999999
0.9519759999999999
0.95092
0.9787650000000001
1.0220449999999999
1.010895
0.9895045
0.96053
1.0171450000000002
1.006708
0.9946325
0.991914
0.979432
0.957036
0.950825
0.9541569999999999
0.992618
1.01336
1.0148
1.0177450000000001
1.017995
1.016575
1.016825
1.0168
1.015275
1.01321
1.10119
1.09691
1.09212
1.08499
1.080485
1.077515
1.076835
1.108335
1.104985
1.09911
1.10293
1.09536
1.07116
1.04696
1.0944
1.09567
1.099055
1.099655
1.09937
1.09297
1.06358
1.04224
1.022095
1.0108000000000001
1.0034675
0.978492
0.9619424999999999
0.9588205000000001
0.9535065
0.9574875
0.9583870000000001
0.955152
0.943701
0.9314104999999999
0.928863
0.9279014999999999
0.936976
0.9776305000000001
0.9568559999999999
0.9617925
0.9523115
0.9414545000000001
0.9414435
0.9368485
0.932272
0.9315175
0.9262785
0.9159735
0.8965050000000001
0.872528
0.8519030000000001
0.8313090000000001
0.8029335
0.7738145
0.7392695
0.71698
0.6743844999999999
0.6622625
0.6302925
0.569294
0.5147714999999999
0.480825
0.4394055
0.40325999999999995
0.377888
0.31113199999999996
0.270231
0.23345300000000002
0.20780749999999998
0.16379
0.133877
0.0
0.0
0.0
0.0
0.0
0.0
0.0
0.0
0.0
0.0
0.0
0.0
0.0
0.0
0.0
0.0
0.0
0.0
0.0
0.0
0.0
0.0
0.0
0.0
0.0
0.0
0.0
0.0
0.0
0.0
0.0
0.0
0.0
0.0
0.0
0.0
0.0
0.0
0.0
0.0
0.0
0.0
0.0
0.0
0.0
0.0
0.0
0.0
0.0
0.0
0.0
0.0
0.0
0.0
0.0
0.0
0.0
0.0
0.0
0.0
0.0
0.0
0.0
0.0
0.0
0.0
0.0
0.0
0.0
0.0
0.0
0.0
0.0
0.0
0.0
0.0
0.0
0.0
0.0
0.0
0.0
0.0
0.0
0.0
0.0
0.0
0.0
0.0
0.0
0.0
0.0
0.0
0.0
0.0
0.0
0.0
0.0
0.0
0.0
0.0
0.0
0.0
0.0
0.0
0.0
0.0
0.0
0.0
0.0
0.0
0.0
0.0
0.0
0.0
0.0
0.0
0.0
0.0
0.0
0.0
0.0
0.0
0.0
0.44056666666666666
0.38608888888888887
0.34683333333333327
0.34797872340425534
0.42987234042553185
0.41787499999999983
0.41152083333333334
0.407875
0.4048333333333334
0.3913260869565217
0.3095769230769231
0.22139999999999999
0.2412728021978022
0.2611456043956044
0.20145
0.20708214285714285
0.21271428571428572
0.1815
0.1815
0.18428571428571427
0.18707142857142858
0.18985714285714286
0.19264285714285714
0.19542857142857142
0.19821428571428573
0.201
0.24184375000000002
0.28268750000000004
0.2878888888888889
0.2878888888888889
0.284474358974359
0.28105982905982907
0.2776452991452992
0.2742307692307692
0.2708162393162393
0.26740170940170943
0.2639871794871795
0.2605726495726496
0.2571581196581197
0.25374358974358974
0.25032905982905984
0.24691452991452992
0.2435
0.2501428571428571
0.24590624999999997
0.2740769230769231
0.33555555555555555
0.44410526315789467
0.26995652173913054
0.26939393939393935
0.27272340425531905
0.2919250000000001
0.29130434782608683
0.2883888888888888
0.29115555555555567
0.2924210526315789
0.2909268292682927
0.2904782608695652
0.2938085106382979
0.29568750000000005
0.295625
0.34510638297872337
0.34597560975609754
0.33972499999999994
0.3385
0.34174999999999994
0.34176
0.4998571428571429
0.539
0.5175000000000001
0.5834615384615385
0.54575
0.5679807692307692
0.5602403846153846
0.5525
0.5453333333333332
0.5305
0.49675
0.48575
0.463375
0.441
0.487525
0.46515
0.477225
0.4893
0.49309090909090914
0.48025
0.4627272727272727
0.46240000000000003
0.45762500000000006
0.4724285714285715
0.47100000000000003
0.48604761904761906
0.5031875
0.49865565476190477
0.4941238095238095
0.5004278273809524
0.5013139136904762
0.5022
0.502
0.5017999999999999
0.5030666666666667
0.5043333333333334
0.508
0.50425
0.504
0.503
0.503
0.5034861111111111
0.5039722222222223
0.5044583333333333
0.5049444444444444
0.5054305555555555
0.5059166666666666
0.5064027777777778
0.5068888888888888
0.503
0.502
0.5033333333333333
0.502
0.504
0.5152500000000001
0.5305
0.54375
0.557
0.5173333333333334
0.5951249999999999
0.597
0.5073846153846154
0.5045000000000001
0.5102222222222222
0.5148000000000003
0.5158297872340426
0.5154166666666667
0.5159791666666665
0.5150769230769231
0.51703125
0.5204615384615384
0.5223829787234043
0.5299583333333334
0.5392727272727272
0.5392727272727272
0.540780303030303
0.5422878787878788
0.5437954545454545
0.5453030303030303
0.546810606060606
0.5483181818181818
0.5498257575757576
0.5513333333333333
0.5305
0.5306666666666666
0.5308333333333334
0.5310000000000001
0.5311666666666668
0.5337368421052632
0.5411250000000001
0.545
0.5430000000000001
0.546
0.5516400000000001
0.6405000000000001
0.6819999999999999
0.701
0.6815
0.68125
0.681
0.6743333333333333
0.6725714285714285
0.6702857142857143
0.668
0.668
0.6663046875
0.6646093750000001
0.6629140625000001
0.6612187500000001
0.6595234375000001
0.6578281250000001
0.6561328125000001
0.6544375000000001
0.6527421875000001
0.6510468750000001
0.6493515625000001
0.6476562500000002
0.6459609375000002
0.6442656250000002
0.6425703125000002
0.6408750000000002
0.6327083333333334
0.6317777777777778
0.6197916666666667
0.6133333333333333
0.6068749999999999
0.605
0.6005
0.596
0.5963333333333333
0.5805833333333333
0.5648333333333334
0.541875
0.5424375
0.543
0.5189583333333333
0.5129230769230769
0.49457612179487176
0.47622916666666665
0.4640380608974359
0.44876903044871796
0.4335
0.4335
0.42355
0.4136
0.40365
0.3937
0.38375000000000004
0.3738
0.36385
0.3539
0.34395
0.334
0.3309444444444445
0.29400000000000004
0.274
0.254
0.23266666666666666
0.21113043478260873
0.18028571428571424
0.17146153846153847
0.16483333333333336
0.14336363636363636
0.1327
0.11633333333333334
0.0
0.0
0.0
0.0
0.0
0.0
0.0
0.0
0.0
0.0
0.0
0.0
0.0
0.0
0.0
0.0
0.0
0.0
0.0
0.0
0.0
0.0
0.0
0.0
0.0
0.0
0.0
0.0
0.0
0.0
0.0
0.0
0.0
0.0
0.0
0.0
0.0
0.0
0.0
0.0
0.0
0.0
0.0
0.0
0.0
0.0
0.0
0.0
0.0
0.0
0.0
0.0
0.0
0.0
0.0
0.0
0.0
0.0
0.0
0.0
0.0
0.0
0.0
0.0
0.0
0.0
0.0
0.0
0.0
0.0
0.0
0.0
0.0
0.0
0.0
0.0
0.0
0.0
0.0
0.0
0.0
0.0
0.0
0.0
0.0
0.0
0.0
0.0
0.0
0.0
0.0
0.0
0.0
0.0
0.0
0.0
0.0
0.0
0.0
0.0
0.0
0.0
0.0
0.0
0.0
0.0
0.0
0.0
0.0
0.0
0.0
0.0
0.12697916666666667
0.10675000000000007
0.09508333333333331
0.08943750000000002
0.08310416666666669
0.08372916666666673
0.1267708333333334
0.13358333333333328
0.14816666666666667
0.1409791666666667
0.13627083333333337
0.13589583333333335
0.13124999999999995
0.13020833333333334
0.129375
0.161875
0.17256249999999998
0.16924999999999993
0.16593750000000004
0.16252083333333334
0.16239583333333332
0.16172916666666662
0.1638125
0.16258333333333327
0.17429166666666662
0.4305208333333334
0.4168333333333332
0.3946666666666668
0.3880625
0.43254166666666666
0.47558333333333325
0.44664583333333335
0.42856249999999996
0.419375
0.4106666666666667
0.41687500000000005
0.45120833333333304
0.4516458333333335
0.45189583333333355
0.4606666666666667
0.5011666666666666
0.5542083333333335
0.5254374999999999
0.5275416666666665
0.5335833333333332
0.5277083333333333
0.5263958333333333
0.5248124999999999
0.5226041666666662
0.5282291666666671
0.5267499999999997
0.5661914893617023
0.522125
0.5204166666666666
0.5211875
0.5224166666666664
0.5208541666666666
0.5199583333333329
0.5236458333333333
0.5219583333333332
0.5205833333333331
0.51775
0.5147916666666669
0.5132916666666666
0.5224042553191489
0.5231041666666665
0.5250624999999999
0.5210624999999998
0.5599791666666668
0.7973125
0.7583749999999999
0.6583749999999998
0.6509583333333333
0.6620416666666668
0.6705208333333329
0.6794166666666667
0.6760208333333336
0.6761249999999999
0.7014374999999999
0.7619791666666665
0.7589375
0.8402916666666669
0.8268510638297875
0.8234791666666669
0.8218750000000002
0.8161702127659575
0.8110416666666667
0.8097708333333333
0.8091249999999995
0.8081250000000003
0.8066249999999999
0.805625
0.8042499999999997
0.8026458333333334
0.8014791666666662
0.8013750000000002
0.8015624999999998
0.8002499999999997
0.8043749999999997
0.8059583333333332
0.8159583333333336
0.8068510638297874
0.8141875000000005
0.8093541666666669
0.7885833333333333
0.7876249999999999
0.8152500000000001
0.9431041666666666
0.9355833333333329
0.9208541666666665
0.9088541666666669
0.9043541666666669
0.9018333333333336
0.8991666666666669
0.8949166666666666
0.8928541666666671
0.8789999999999997
0.8668541666666663
0.8344166666666667
0.8316458333333334
0.8304375
0.8277500000000003
0.8473541666666665
0.8542708333333334
0.8487291666666664
0.8478749999999997
0.8463541666666665
0.8464999999999998
0.845770833333333
0.8448124999999996
0.8755625
0.8803958333333335
0.9736458333333337
1.0566363636363638
0.9737083333333327
0.9647916666666667
0.9636458333333335
0.8635000000000003
0.8178541666666672
0.8281666666666664
0.8264791666666671
0.8300416666666665
0.8618124999999998
0.8774374999999998
0.8556249999999999
0.8266041666666669
0.8551874999999997
0.8238750000000005
0.8221875000000002
0.821520833333333
0.8148958333333334
0.8133124999999999
0.8115
0.8120208333333334
0.8109791666666667
0.8222083333333335
0.8385625
0.8692708333333333
0.8847291666666672
0.8859787234042555
0.8957659574468083
0.8985416666666669
0.8992708333333336
1.006375
0.9514166666666669
0.8780208333333334
0.8771458333333332
0.8771875000000003
0.876875
0.8822916666666663
0.8859583333333335
0.885125
0.8850416666666668
0.8816458333333332
0.8758958333333333
0.874875
0.8756041666666666
0.9059166666666668
0.897125
0.8948541666666666
0.8983333333333331
0.8784583333333336
0.8835833333333337
0.930708333333333
0.9219166666666663
0.9229791666666669
0.9492916666666669
0.9445208333333334
0.9301874999999996
0.9303958333333333
0.9201458333333333
0.8692083333333328
0.8686458333333326
0.8666041666666672
0.8661875000000001
0.8092291666666666
0.7552500000000002
0.7329375000000002
0.7294864864864864
0.7274545454545457
0.7275416666666666
0.7225416666666669
0.7018749999999999
0.6704791666666668
0.6548333333333333
0.6498124999999996
0.6463125000000002
0.6447499999999995
0.6400208333333334
0.6677291666666667
0.6492916666666668
0.6689791666666668
0.6569999999999998
0.6547291666666668
0.645375
0.6437083333333332
0.6676250000000001
0.7393333333333335
0.7377142857142855
0.734275
0.7332708333333334
0.7373749999999998
0.7377291666666665
0.7347291666666665
0.7273958333333331
0.7201249999999999
0.7087291666666666
0.7088541666666665
0.7187083333333334
0.7141875000000001
0.7009583333333333
0.6806041666666665
0.6480625000000002
0.6039999999999998
0.5815833333333332
0.5724166666666667
0.5512083333333334
0.5199791666666668
0.49152083333333335
0.4537708333333334
0.4284166666666669
0.40493749999999995
0.3877916666666667
0.3529999999999999
0.31135416666666654
0.26293750000000005
0.21593750000000003
0.15699999999999997
0.09931250000000003
0.0
0.0
0.0
0.0
0.0
0.0
0.0
0.0
0.0
0.0
0.0
0.0
0.0
0.0
0.0
0.0
0.0
0.0
0.0
0.0
0.0
0.0
0.0
0.0
0.0
0.0
0.0
0.0
0.0
0.0
0.0
0.0
0.0
0.0
0.0
0.0
0.0
0.0
0.0
0.0
0.0
0.0
0.0
0.0
0.0
0.0
0.0
0.0
0.0
0.0
0.0
0.0
0.0
0.0
0.0
0.0
0.0
0.0
0.0
0.0
0.0
0.0
0.0
0.0
0.0
0.0
0.0
0.0
0.0
0.0
0.0
0.0
0.0
0.0
0.0
0.0
0.0
0.0
0.0
0.0
0.0
0.0
0.0
0.0
0.0
0.0
0.0
0.0
0.0
0.0
0.0
0.0
0.0
0.0
0.0
0.0
0.0
0.0
0.0
0.0
0.0
0.0
0.0
0.0
0.0
0.0
0.0
0.0
0.0
0.0
0.0
0.0
0.0
0.0
0.0
0.0
0.0
0.0
0.0
0.0
0.07853846153846153
0.2336046511627907
0.2177241379310345
0.171
0.164
0.1666595744680851
0.16618750000000007
0.16520833333333332
0.1508974358974359
0.0850340838023765
0.0850340838023765
0.08595767149189652
0.08688125918141655
0.08780484687093656
0.08872843456045659
0.08965202224997662
0.09057560993949665
0.09149919762901668
0.0924227853185367
0.09334637300805672
0.09426996069757675
0.09519354838709677
0.09519354838709677
0.09801654796816088
0.10083954754922497
0.10366254713028908
0.10648554671135317
0.10930854629241728
0.11213154587348137
0.11495454545454548
0.11495454545454548
0.07095652173913045
0.15872972972972968
0.15752083333333333
0.14349999999999993
0.13256249999999997
0.15825
0.1778
0.16236363636363632
0.2533693181818182
0.34437500000000004
0.5027804878048779
0.4821666666666668
0.4697916666666668
0.457125
0.4448
0.4579166666666666
0.4278333333333333
0.3846428571428571
0.40201666666666663
0.3891083333333333
0.3762
0.3801250000000001
0.3733125000000001
0.3733125000000001
0.37428146853146865
0.37525043706293715
0.3762194055944057
0.3771883741258742
0.37815734265734274
0.3791263111888113
0.3800952797202798
0.38106424825174834
0.3820332167832169
0.3830021853146854
0.38397115384615393
0.38494012237762243
0.385909090909091
0.3548333333333335
0.3465714285714286
0.34900000000000003
0.34825
0.3457
0.3566382978723404
0.36433333333333345
0.3616249999999999
0.3638333333333333
0.3547708333333334
0.36566666666666653
0.36537499999999995
0.36437500000000006
0.36495833333333344
0.36470833333333336
0.36574999999999996
0.3647500000000001
0.36375
0.3667499999999999
0.36462500000000003
0.36304166666666665
0.3628333333333333
0.36537499999999995
0.40363636363636357
0.4332173913043478
0.4942500000000001
0.5301666666666667
0.5223749999999999
0.5169583333333333
0.5153333333333332
0.5083749999999999
0.5130416666666667
0.5186666666666665
0.5172916666666668
0.5276249999999999
0.6923913043478261
0.6178235294117647
0.6015
0.63575
0.482
0.46925
0.4553333333333334
0.5497000000000001
0.6655416666666667
0.6315833333333333
0.6241333333333332
0.6212000000000001
0.655409090909091
0.6322307692307694
0.6500526315789473
0.6729166666666667
0.6787500000000001
0.6673750000000002
0.6776250000000004
0.6772083333333335
0.6613913043478261
0.6568333333333333
0.6550416666666666
0.6521666666666666
0.6522083333333332
0.6516249999999998
0.65325
0.6527499999999998
0.6535
0.6564166666666665
0.6590434782608697
0.65775
0.6570000000000001
0.6475416666666668
0.6440000000000002
0.6479583333333335
0.6496666666666667
0.7023
0.6405000000000002
0.6282380952380954
0.6305416666666669
0.6380833333333334
0.6291666666666668
0.6261666666666666
0.6285833333333333
0.6525652173913042
0.6837391304347826
0.6811666666666666
0.654875
0.6616249999999999
0.6976249999999999
0.7633809523809523
0.7633809523809523
0.7670095238095237
0.7706380952380951
0.7742666666666665
0.777895238095238
0.7815238095238095
0.7851523809523809
0.7887809523809524
0.7924095238095238
0.7960380952380952
0.7996666666666666
0.835375
0.8710833333333333
0.8146875
0.80434375
0.794
0.7979609375000001
0.8019218750000001
0.7971874999999999
0.79834375
0.7995000000000001
0.800375
0.8009166666666667
0.80075
0.8012916666666666
0.8015833333333333
0.8018749999999999
0.800125
0.8003333333333332
0.8033749999999998
0.8049999999999998
0.8026666666666668
0.8017499999999999
0.8025714285714286
0.8025714285714286
0.801974025974026
0.8013766233766234
0.8007792207792208
0.8001818181818182
0.7995844155844156
0.798987012987013
0.7983896103896104
0.7977922077922078
0.7971948051948052
0.7965974025974026
0.796
0.7962083333333334
0.795458333333333
0.7262105263157896
0.73275
0.7327692307692308
0.7294255319148937
0.7294222222222222
0.742
0.7467659574468081
0.7422444444444442
0.7406249999999996
0.7380833333333333
0.7356458333333333
0.7337500000000005
0.7327708333333334
0.7311041666666669
0.7281041666666664
0.7188958333333332
0.7138333333333335
0.7130624999999996
0.7092777777777779
0.6906764705882351
0.6834791666666665
0.6796097560975611
0.6822702702702703
0.676388888888889
0.670029411764706
0.6673333333333332
0.6534090909090908
0.6460416666666667
0.6162916666666666
0.5872708333333335
0.5483617021276597
0.5123333333333333
0.47748936170212775
0.43765957446808496
0.4133404255319148
0.38872340425531904
0.35584090909090904
0.3160833333333333
0.2773749999999999
0.22335416666666674
0.1812173913043479
0.1258085106382979
0.10635416666666665
0.0
0.0
0.0
0.0
0.0
0.0
0.0
0.0
0.0
0.0
0.0
0.0
0.0
0.0
0.0
0.0
0.0
0.0
0.0
0.0
0.0
0.0
0.0
0.0
0.0
0.0
0.0
0.0
0.0
0.0
0.0
0.0
0.0
0.0
0.0
0.0
0.0
0.0
0.0
0.0
0.0
0.0
0.0
0.0
0.0
0.0
0.0
0.0
0.0
0.0
0.0
0.0
0.0
0.0
0.0
0.0
0.0
0.0
0.0
0.0
0.0
0.0
0.0
0.0
0.0
0.0
0.0
0.0
0.0
0.0
0.0
0.0
0.0
0.0
0.0
0.0
0.0
0.0
0.0
0.0
0.0
0.0
0.08604166666666667
0.08450000000000003
0.08483333333333336
0.0755
0.08437500000000005
0.08162500000000007
0.07734782608695656
0.07954166666666669
0.08186956521739133
0.07670833333333339
0.07104166666666668
0.07120833333333342
0.07430434782608694
0.07522222222222222
0.0809411764705883
0.07958333333333341
0.08404166666666668
0.10880952380952384
0.09382608695652174
0.10858333333333337
0.11633333333333334
0.143875
0.1555217391304348
0.17508333333333334
0.18541666666666667
0.18633333333333332
0.18516666666666667
0.18447826086956523
0.188
0.19445833333333332
0.19587500000000002
0.2050833333333333
0.2536086956521739
0.2230000000000001
0.22520833333333337
0.22645833333333343
0.2203913043478261
0.21190909090909094
0.20612499999999997
0.2070833333333333
0.2047083333333334
0.1998749999999999
0.1974583333333334
0.204375
0.20058333333333334
0.21282608695652175
0.24370833333333342
0.23608333333333328
0.23620833333333333
0.2354583333333333
0.23573913043478265
0.22617391304347834
0.22004166666666672
0.21825000000000003
0.21883333333333332
0.22266666666666665
0.22141666666666673
0.2237083333333334
0.22611111111111107
0.4174545454545454
0.4494583333333333
0.47033333333333344
0.4236956521739131
0.4479166666666666
0.42008695652173916
0.4106666666666665
0.41458333333333347
0.4124583333333333
0.41524999999999995
0.41483333333333317
0.4127083333333334
0.41183333333333344
0.4104166666666666
0.40787500000000004
0.4093333333333333
0.40816666666666673
0.4114583333333333
0.4097499999999999
0.40854166666666664
0.41937500000000005
0.35962500000000003
0.35591666666666666
0.35724999999999985
0.36024999999999996
0.35712499999999997
0.3532916666666667
0.3862916666666667
0.40824999999999984
0.3900909090909091
0.40038461538461534
0.4790434782608695
0.4940416666666667
0.4828333333333334
0.46820833333333334
0.4620416666666667
0.4664999999999999
0.4643333333333333
0.47274999999999984
0.4695833333333334
0.50175
0.4706666666666666
0.46883333333333344
0.49975000000000014
0.5168333333333334
0.6599130434782607
0.7834166666666667
0.7507916666666666
0.7321666666666665
0.7189166666666665
0.7054583333333332
0.7127499999999998
0.7061666666666665
0.7263750000000001
0.7330909090909092
0.7777083333333334
0.7362272727272727
0.7557826086956523
0.7405416666666667
0.7333333333333333
0.7407499999999999
0.7415238095238094
0.709
0.709
0.7228333333333333
0.7366666666666666
0.7505
0.7643333333333333
0.7781666666666667
0.7919999999999999
0.8058333333333333
0.8196666666666667
0.8334999999999999
0.8473333333333333
0.8611666666666666
0.8795
0.8978333333333334
0.9386666666666668
0.9345000000000001
0.9290000000000002
0.9293478260869567
0.9176150895140665
0.9058823529411762
0.8991428571428572
0.9059411764705881
0.9059705882352941
0.906
0.9047083333333333
0.8921739130434783
0.8954782608695652
0.8995
0.9006428571428572
0.901875
0.9018947368421052
0.8891333333333333
0.9160666666666666
0.943
0.953315789473684
0.960235294117647
0.9641818181818181
0.9661764705882351
0.9624999999999999
0.9711666666666665
0.971
1.030391304347826
1.0433333333333332
1.0249583333333332
1.040666666666667
1.0402916666666666
1.0355833333333335
1.0313750000000002
1.0312083333333335
1.0262916666666666
1.0220833333333332
0.9814583333333332
0.9629166666666665
0.9632941176470586
0.9644375000000001
0.9720833333333335
0.9989999999999997
0.9639166666666664
0.9619999999999997
0.9597916666666663
0.959
0.9567916666666664
0.9548749999999996
0.9540416666666669
0.9930833333333333
0.9947083333333331
0.9940416666666665
0.9918749999999998
0.9925833333333332
1.0183749999999996
1.0193749999999997
1.0194583333333331
1.0183749999999998
1.0183749999999998
1.016583333333333
1.0320833333333335
1.0430416666666666
1.0375833333333333
1.0292499999999998
1.0224999999999997
1.0156250000000002
1.0157083333333328
1.0155
1.0155416666666668
1.014333333333333
1.01175
1.007125
1.0066666666666666
1.015125
1.0150833333333333
1.014208333333333
1.0144583333333332
1.0143333333333333
1.014083333333333
1.0136249999999996
1.013958333333333
1.0122083333333332
1.008916666666667
1.0137499999999997
1.0100833333333334
1.0157916666666666
1.0126249999999999
1.0159583333333335
1.0941052631578947
1.0977000000000001
1.0651666666666666
1.0459473684210525
1.0464166666666668
1.0708333333333333
1.072086956521739
1.0535833333333333
1.0588750000000002
1.0514583333333332
1.0690833333333334
1.074
1.073416666666667
1.0730833333333336
1.067208333333333
1.0445
1.0461249999999997
1.0510000000000002
1.0573333333333335
1.0819499999999997
1.083736842105263
1.1142727272727273
1.1027083333333334
1.1075
1.085217391304348
1.0954583333333334
1.1106666666666667
1.0930416666666667
1.0867916666666664
1.0782083333333332
1.062333333333333
1.0367083333333336
1.0287916666666663
1.0138749999999999
1.030478260869565
1.0214583333333331
1.0157916666666662
1.0076666666666667
1.0081304347826088
1.0042916666666668
0.9888333333333336
0.9521666666666665
0.9390416666666663
0.922875
0.8660833333333334
0.8326363636363635
0.7326086956521738
0.6604347826086957
0.6395833333333334
0.6131363636363636
0.5848749999999999
0.5750416666666666
0.5552916666666667
0.5347916666666668
0.5404705882352943
0.5579444444444444
0.5622173913043479
0.5643684210526315
0.5178333333333333
0.46212500000000006
0.3896521739130435
0.2782380952380952
0.19
0.1371666666666667
0.12100000000000001
0.07025000000000005
0.0
0.0
0.0
0.0
0.0
0.0
0.0
0.0
0.0
0.0
0.0
0.0
0.0
0.0
0.0
0.0
0.0
0.0
0.0
0.0
0.0
0.0
0.0
0.0
0.0
0.0
0.0
0.0
0.0
0.0
0.0
0.0
0.0
0.0
0.0
0.0
0.0
0.0
0.0
0.0
0.0
0.0
0.0
0.0
0.0
0.0
0.0
0.0
0.0
0.0
0.0
0.0
0.0
0.0
0.0
0.0
0.0
0.0
0.0
0.0
0.0
0.0
0.0
0.0
0.0
0.0
0.0
0.0
0.0
0.0
0.0
0.0
0.0
0.0
0.0
0.0
0.0
0.0
0.0
0.0
0.0
0.0
0.0
0.0
0.0
0.0
0.0
0.0
0.0
0.0
0.0
0.0
0.0
0.0
0.0
0.0
0.0
0.0
0.0
0.09985416666666665
0.16232916666666664
0.260325
0.2521333333333333
0.24696458333333327
0.2442270833333333
0.2432729166666667
0.24221458333333346
0.24161666666666656
0.2092787234042553
0.21245624999999999
0.21263958333333333
0.25393958333333333
0.2742625
0.30387708333333335
0.3086375
0.31065208333333333
0.3102458333333334
0.37808125
0.4334916666666666
0.4394333333333333
0.4796340425531915
0.4712833333333335
0.5030791666666665
0.5893020833333334
0.7599479166666665
0.7514291666666669
0.6953437500000001
0.7322354166666666
0.6845787234042553
0.6577145833333333
0.6171854166666667
0.5980958333333334
0.5817437500000001
0.4452071428571428
0.4452071428571428
0.4880377551020408
0.5308683673469388
0.5736989795918367
0.6165295918367347
0.6593602040816327
0.7021908163265307
0.7450214285714286
0.7414966666666668
0.6789900000000001
0.6164833333333334
0.6240106382978723
0.6692895833333331
0.6654687499999999
0.6556249999999998
0.7052343749999999
0.7997722222222223
0.6706783783783783
0.7357312500000002
0.7385083333333334
0.7358458333333334
0.7350854166666667
0.7360354166666664
0.7443750000000002
0.7391468085106381
0.7385791666666668
0.738039583333333
0.7376473684210524
0.7386620689655174
0.7638250000000001
0.7672255319148935
0.762377083333333
0.7611874999999998
0.7903062500000001
0.8828395833333335
0.8367437500000002
0.8989000000000001
0.9406354166666668
0.9345777777777777
0.8515925474254742
0.7686073170731706
0.752455172413793
0.7537525862068966
0.75505
0.7474249999999998
0.7468104166666666
0.7465541666666667
0.7486708333333335
0.7491500000000004
0.7483122023809524
0.7481328869047619
0.7479535714285713
0.7480125000000001
0.7483187499999998
0.7612208333333332
0.77866875
0.8893437500000001
0.9047645833333333
0.9278791666666665
0.9128291666666666
0.8984874999999999
0.8862208333333332
0.8753125000000003
0.8676872340425532
0.8784722222222222
0.8981072533849128
0.9133172630560926
0.9285272727272723
0.9236979166666665
0.9169187500000002
0.9468
1.0301205882352944
1.0881266666666667
1.10864
1.10294375
1.1032921052631581
1.1042520833333331
1.0996354166666664
1.0798041666666665
1.0629645833333334
1.0423708333333332
1.039177083333333
1.0365333333333333
1.03371875
1.0381875
1.0920595744680848
1.1081524999999999
1.0941874999999996
1.090741666666667
1.0888583333333333
1.086060416666667
1.0848104166666663
1.0806729166666669
1.0783895833333332
1.0754833333333333
1.0722520833333335
1.0736562499999998
1.0835812500000002
1.0376354166666666
1.0235595744680857
1.0149645833333334
1.0104291666666667
1.0097020833333332
1.010283333333333
1.0109416666666668
1.0210586956521739
1.0465308333333334
1.0643254166666667
1.08212
1.0752895833333336
1.052891489361702
1.0285104166666668
1.0276666666666665
1.033228888888889
1.0344500000000003
1.033002083333333
1.0438727272727273
1.0438727272727273
1.0976097402597402
1.1513467532467534
1.2050837662337663
1.2588207792207793
1.3125577922077922
1.3662948051948054
1.4200318181818183
1.45031875
1.479852083333333
1.4677875000000002
1.4596531914893616
1.4539375
1.4491395833333331
1.4265896551724138
1.4265896551724138
1.425292656449553
1.4239956577266921
1.4226986590038315
1.4214016602809707
1.4201046615581099
1.418807662835249
1.4175106641123885
1.4162136653895276
1.4149166666666668
1.4149166666666668
1.411397364953887
1.4078780632411068
1.4043587615283268
1.400839459815547
1.397320158102767
1.3938008563899869
1.390281554677207
1.386762252964427
1.383242951251647
1.379723649538867
1.376204347826087
1.4459063829787229
1.5036729166666671
1.4074020833333336
1.3398800000000002
1.3636499999999998
1.4248770833333335
1.532205405405405
1.5139458333333335
1.3865021276595741
1.3287666666666669
1.3234872340425534
1.379422916666667
1.4131687500000003
1.3202083333333332
1.3916083333333333
1.3735854166666666
1.3537234042553192
1.3453708333333336
1.3301520833333333
1.324702127659574
1.3252479166666664
1.323689583333333
1.322108333333333
1.320785416666667
1.3196895833333333
1.3181291666666666
1.356593548387097
1.4267399999999997
1.3918291666666667
1.3744240000000003
1.3717166666666667
1.3692395833333333
1.372445833333333
1.4016291666666663
1.3982437499999998
1.3962229166666666
1.3969500000000001
1.4409250000000002
1.4478239130434785
1.443397916666667
1.4585624999999995
1.4518687500000007
1.4527857142857141
1.4390042553191487
1.4339687499999998
1.4288895833333335
1.4253874999999996
1.424004166666667
1.3882666666666663
1.3453604166666666
1.31525
1.2926541666666667
1.2735833333333337
1.2641375000000001
1.2602564102564104
1.2608549999999998
1.2555062499999996
1.2274249999999995
1.1909270833333334
1.1629625000000001
1.1112374999999999
1.08140625
1.0530375
1.030072916666667
1.0150645833333332
1.0076812500000003
1.0017520833333333
0.9895729166666665
0.9853170212765956
0.9793145833333332
0.9695229166666666
0.9566041666666666
0.9499458333333332
0.9337187499999997
0.9027708333333334
0.8714958333333334
0.8410791666666668
0.8033208333333332
0.7604666666666668
0.7267958333333334
0.6908958333333333
0.6519914893617021
0.62561875
0.5921744680851062
0.5606312499999998
0.5195291666666667
0.48291276595744664
0.4400979166666666
0.40608999999999995
0.34140666666666675
0.29368333333333324
0.15735249999999998
0.0
0.0
0.0
0.0
0.0
0.0
0.0
0.0
0.0
0.0
0.0
0.0
0.0
0.0
0.0
0.0
0.0
0.0
0.0
0.0
0.0
0.0
0.0
0.0
0.0
0.0
0.0
0.0
0.0
0.0
0.0
0.0
0.0
0.0
0.0
0.0
0.0
0.0
0.0
0.0
0.0
0.0
0.0
0.0
0.0
0.0
0.0
0.0
0.0
0.0
0.0
0.0
0.0
0.0
0.0
0.0
0.0
0.0
0.0
0.0
0.0
0.0
0.0
0.0
0.0
0.0
0.08977083333333334
0.11650416666666664
0.11650416666666664
0.17363333333333333
0.2307625
0.2546270833333334
0.25035833333333335
0.24096875000000006
0.23885208333333333
0.23104375000000008
0.1503083333333333
0.1320645833333333
0.13905208333333333
0.14262708333333332
0.14533750000000004
0.14650624999999998
0.15228333333333338
0.15168478260869567
0.12879374999999996
0.11508064516129032
0.11508064516129032
0.11744116263440861
0.11980168010752688
0.12216219758064517
0.12452271505376346
0.12688323252688175
0.12924375000000002
0.13955833333333342
0.14182916666666667
0.13588958333333334
0.1305458333333334
0.12857083333333333
0.12759791666666667
0.12806875000000004
0.13223125
0.13048333333333328
0.1571979166666667
0.15980208333333337
0.22000624999999996
0.3411916666666667
0.3089583333333334
0.2709604166666666
0.2383625
0.23026875000000005
0.22834999999999994
0.22549375000000002
0.2258145833333334
0.24590208333333333
0.29568749999999994
0.2913208333333334
0.28488297872340423
0.28366250000000004
0.2973604166666666
0.28918541666666664
0.36060000000000003
0.3812333333333333
0.3376791666666666
0.31765000000000015
0.3267510638297873
0.32356875000000007
0.3228250000000001
0.3405022727272728
0.3111628571428571
0.30900625000000015
0.326675
0.3263531914893617
0.3288562499999999
0.3394166666666667
0.4822214285714286
0.4606125000000001
0.3867104166666668
0.37025000000000013
0.37359999999999993
0.3745145833333334
0.37200416666666664
0.38267291666666664
0.3722229166666666
0.35577708333333335
0.34831875000000007
0.35201458333333324
0.35392500000000005
0.3541446808510638
0.3541479166666666
0.35447916666666673
0.3546937500000002
0.3544916666666668
0.3692625
0.45606874999999997
0.40452499999999997
0.3558520833333332
0.38504186046511624
0.4150041666666667
0.40672083333333336
0.4243874999999999
0.48299166666666665
0.5192520833333334
0.5023999999999998
0.4941729166666667
0.4896000000000002
0.4872458333333333
0.4863104166666667
0.5843354166666666
0.6169520833333334
0.6108937500000003
0.60980625
0.6132866666666668
0.49134827586206903
0.46380416666666674
0.45972708333333356
0.45959787234042576
0.4592791666666669
0.5035062499999999
0.5371106382978724
0.5253063829787232
0.49027916666666704
0.4691375
0.5339666666666667
0.4395124999999999
0.42721666666666636
0.4266708333333334
0.4267520833333333
0.4265893617021277
0.42658235294117647
0.42619090909090906
0.4261666666666667
0.4261604166666668
0.45464642857142856
0.43322941176470586
0.49895333333333336
0.5147899999999999
0.6597145833333333
0.5937499999999999
0.6201937499999999
0.6249770833333333
0.5842190476190476
0.5784229166666669
0.5786145833333335
0.5945933333333334
0.5895574468085105
0.5868770833333334
0.6060229166666665
0.6325999999999998
0.6308400000000002
0.5862
0.6180133333333333
0.6426444444444445
0.6381250000000002
0.6384999999999997
0.6397979166666664
0.6405083333333331
0.64029375
0.6397583333333333
0.6410829787234041
0.6809374999999999
0.6690727272727273
0.5622041666666667
0.5849041666666667
0.605431111111111
0.5549916666666665
0.5593770833333331
0.6747979166666666
0.6875166666666664
0.6879812500000001
0.7312680851063827
0.7294690476190476
0.7220750000000001
0.721895744680851
0.7218568181818182
0.6591285714285714
0.6035765957446809
0.6021979166666668
0.6059041666666668
0.6595604166666668
0.6515354166666666
0.6561354166666667
0.6462479166666666
0.6076916666666665
0.6089851063829788
0.6447145833333333
0.6358020833333334
0.6222979166666663
0.6305916666666664
0.6121166666666668
0.6297116666666667
0.6473066666666667
0.6411583333333334
0.6362812499999998
0.6036604166666665
0.6040229166666667
0.6045937500000002
0.6051208333333334
0.6059187500000002
0.6276666666666666
0.9501040000000001
0.9092085106382977
0.8905708333333332
0.8637425531914895
0.8571979166666669
0.84875625
0.8430083333333335
0.8402937499999998
0.8376541666666668
0.8355645833333333
0.828745833333333
0.8243020833333333
0.8212795454545453
0.8186902439024395
0.8165416666666668
0.8140583333333337
0.8156042553191489
0.8210869565217389
0.8061195652173913
0.8149923407482305
0.8238651162790698
0.7952
0.7923750000000002
0.7894510638297872
0.795620833333333
0.8445791666666665
0.8384541666666668
0.8182804347826086
0.8322121951219509
0.8178145833333335
0.8064499999999996
0.805791666666667
0.8050291666666664
0.8038916666666666
0.8030604166666672
0.8076750000000003
0.8118625000000002
0.8073083333333333
0.8062916666666667
0.8121812500000004
0.8583062499999996
0.8597645833333333
0.8614145833333334
0.8519583333333332
0.8454395833333334
0.8502333333333335
0.8444750000000001
0.8446500000000001
0.8422479166666665
0.8525604166666665
0.8582041666666669
0.8484166666666666
0.8410041666666669
0.8394854166666668
0.8555229166666667
0.8455744680851066
0.81813125
0.8014425531914895
0.7928106382978725
0.7909624999999999
0.7874104166666666
0.7813708333333333
0.7669833333333332
0.7484479166666667
0.7333208333333333
0.7167520833333333
0.7032062499999997
0.6931666666666666
0.6702021276595743
0.647104761904762
0.619231328320802
0.5913578947368421
0.56685
0.5554479166666666
0.5312374999999999
0.5062270833333332
0.47477500000000017
0.4426250000000001
0.4121711111111111
0.37558333333333327
0.27080645161290323
0.22154791666666662
0.18498541666666668
0.14945
0.117975
0.07737083333333335
0.0
0.0
0.0
0.0
0.0
0.0
0.0
0.0
0.0
0.0
0.0
0.0
0.0
0.0
0.0
0.0
0.0
0.0
0.0
0.0
0.0
0.0
0.0
0.0
0.0
0.0
0.0
0.0
0.0
0.0
0.0
0.0
0.0
0.0
0.0
0.0
0.0
0.0
0.0
0.0
0.0
0.0
0.0
0.0
0.0
0.0
0.0
0.0
0.0
0.0
0.0
0.0
0.0
0.0
0.0
0.0
0.0
0.0
0.0
0.0
0.0
0.0
0.0
0.0
0.0
0.0
0.0
0.0
0.0
0.0
0.0
0.0
0.0
0.0
0.0
0.0
0.0
0.0
0.0
0.0
0.0
0.0
0.0
0.0
0.0
0.0
0.0
0.0
0.0
0.0
0.0
0.0
0.0
0.0
0.0
0.0
0.0
0.0
0.0
0.0
0.0
0.0
0.0
0.09136041666666668
0.10434374999999997
0.10352083333333334
0.10363333333333334
0.10331875000000003
0.1084214285714286
0.07800208333333335
0.07800208333333335
0.07879973611111113
0.0795973888888889
0.08039504166666667
0.08119269444444445
0.08199034722222223
0.082788
0.17785600000000001
0.21640208333333336
0.2799083333333333
0.2925625
0.3102854166666667
0.3207833333333333
0.33243541666666676
0.33126874999999995
0.36525
0.43811666666666665
0.46272291666666665
0.5206541666666668
0.52283125
0.5175166666666667
0.5177708333333332
0.4848854166666668
0.4531999999999999
0.43886875
0.4306833333333333
0.4277041666666665
0.4286583333333333
0.4409229166666668
0.4825619047619048
0.5269538461538461
0.46914090909090916
0.41890833333333327
0.40368958333333355
0.3771666666666667
0.3616229166666667
0.35964166666666664
0.3591166666666668
0.35905000000000004
0.35832499999999984
0.358875
0.35885416666666675
0.3613083333333332
0.3601250000000001
0.357775
0.3790645833333335
0.3709833333333333
0.3848520833333333
0.4063854166666665
0.4049916666666667
0.37190833333333334
0.3552083333333333
0.35313750000000005
0.3523166666666666
0.35365208333333326
0.3582624999999999
0.35790624999999987
0.35974166666666657
0.36807708333333317
0.39024374999999994
0.3989083333333334
0.4015979166666668
0.40138541666666677
0.43240256410256406
0.4703333333333333
0.47851041666666655
0.4794354166666667
0.4773604166666667
0.47553333333333353
0.47411041666666676
0.47401666666666675
0.35332380952380954
0.36961249999999995
0.3727916666666667
0.3700750000000001
0.3685687499999999
0.4669914893617021
0.5796729166666666
0.4852895833333335
0.34685416666666663
0.3522119047619048
0.5030166666666666
0.4213354166666665
0.3246145833333334
0.27445416666666667
0.19852916666666665
0.20648124999999998
0.15719565217391307
0.13690833333333333
0.13661458333333334
0.13711875
0.13719375000000003
0.13778541666666663
0.13855624999999996
0.13773750000000004
0.13762500000000003
0.13802340425531912
0.14498125
0.2333333333333333
0.2727479166666667
0.3674225
0.5124125
0.5799437500000001
0.5777791666666664
0.6220170212765959
0.6154062499999999
0.6320708333333335
0.5979812499999999
0.5645604166666667
0.5221395833333333
0.5146854166666667
0.5067874999999997
0.5026875000000001
0.4991791666666667
0.4966875
0.49313749999999995
0.48962291666666663
0.4845854166666667
0.4811354166666664
0.4783125000000001
0.4762354166666667
0.47516666666666674
0.47413124999999995
0.4735916666666667
0.46944375
0.46222608695652173
0.5493416666666667
0.6027125
0.6257062500000002
0.6462229166666666
0.6051312499999998
0.5895937499999998
0.5815062499999998
0.5893625000000001
0.6019166666666667
0.6082520833333334
0.6196708333333332
0.6653895833333335
0.6732979166666665
0.6638895833333333
0.6564916666666666
0.6506416666666668
0.6452541666666665
0.6411297872340426
0.6374479166666664
0.6431916666666666
0.6448854166666668
0.6406812499999998
0.6358875000000002
0.6480955555555555
0.7196434782608696
0.7167062499999998
0.7092041666666665
0.7001829787234044
0.693104166666667
0.6899125000000002
0.6728744680851064
0.6324893617021277
0.618516129032258
0.6596894736842104
0.6095375000000002
0.6083479166666664
0.6077541666666667
0.6079489361702127
0.6079499999999998
0.6078562499999999
0.6084208333333334
0.6090125000000003
0.6390191489361701
0.6327895833333331
0.6257437499999999
0.6263104166666668
0.6374934782608694
0.6502976744186046
0.6442729166666666
0.6418854166666667
0.6400270833333331
0.6853604166666666
0.7457608695652174
0.8011229166666669
0.7801229166666667
0.76881875
0.7619458333333333
0.7543604166666666
0.7635749999999999
0.7558562499999998
0.7399562499999998
0.7471829787234043
0.7529083333333334
0.7500708333333335
0.7471354166666666
0.7445770833333332
0.7423645833333334
0.7400583333333332
0.760431914893617
0.7768250000000001
0.7903854166666667
0.7817729166666668
0.8210777777777778
0.8346062500000001
0.8184479166666665
0.8140395833333333
0.8054624999999999
0.79805625
0.7928541666666667
0.77034375
0.6959124999999999
0.6631416666666666
0.6551041666666666
0.6503645833333331
0.6478750000000001
0.6464812500000002
0.6456312499999997
0.6419770833333331
0.6427625
0.6400854166666669
0.6345166666666665
0.6198833333333332
0.6066083333333333
0.6043250000000001
0.6029958333333333
0.5983604166666666
0.5827312499999998
0.5719354166666667
0.5668020833333333
0.5630729166666668
0.5906083333333333
0.6030979166666667
0.5821541666666665
0.5643062500000001
0.5518125
0.5279312499999999
0.4791808510638297
0.45908571428571443
0.43867083333333334
0.3886583333333335
0.34245416666666656
0.3078458333333333
0.2533041666666667
0.23934999999999998
0.2355062500000001
0.22961458333333332
0.22538125
0.2004083333333334
0.16060833333333333
0.13975833333333335
0.10998541666666667
0.08431250000000001
0.0
0.0
0.0
0.0
0.0
0.0
0.0
0.0
0.0
0.0
0.0
0.0
0.0
0.0
0.0
0.0
0.0
0.0
0.0
0.0
0.0
0.0
0.0
0.0
0.0
0.0
0.0
0.0
0.0
0.0
0.0
0.0
0.0
0.0
0.0
0.0
0.0
0.0
0.0
0.0
0.0
0.0
0.0
0.0
0.0
0.0
0.0
0.0
0.0
0.0
0.0
0.0
0.0
0.0
0.0
0.0
0.0
0.0
0.0
0.0
0.0
0.0
0.0
0.0
0.0
0.0
0.0
0.0
0.0
0.0
0.0
0.0
0.0
0.0
0.0
0.0
0.0
0.0
0.0
0.0
0.0
0.0
0.0
0.0
0.0
0.0
0.0
0.0
0.0
0.0
0.0
0.0
0.0
0.0
0.0
0.0
0.0
0.0
0.0
0.0
0.0
0.0
0.0
0.0
0.0
0.0
0.0
0.0
0.0
0.0
0.0
0.0
0.0
0.18217708333333335
0.15765416666666662
0.15765416666666662
0.15555087365591394
0.15344758064516126
0.15134428763440858
0.14924099462365586
0.14713770161290318
0.1450344086021505
0.14293111559139782
0.14082782258064513
0.13872452956989245
0.13662123655913974
0.13451794354838706
0.13241465053763438
0.1303113575268817
0.128208064516129
0.1261047715053763
0.12400147849462363
0.12189818548387094
0.11979489247311825
0.11769159946236557
0.11558830645161289
0.1134850134408602
0.11138172043010751
0.10927842741935481
0.10717513440860213
0.10507184139784945
0.10296854838709676
0.10086525537634407
0.09876196236559139
0.0966586693548387
0.094555376344086
0.09245208333333332
0.11304651162790692
0.11304651162790692
0.10908208440999134
0.10511765719207575
0.10115322997416017
0.09718880275624459
0.09322437553832899
0.08925994832041341
0.08529552110249783
0.08133109388458223
0.07736666666666665
0.08836041666666666
0.09185833333333333
0.09207291666666667
0.09151276595744684
0.09085106382978726
0.09085625000000001
0.0907104166666667
0.10600833333333332
0.20919374999999996
0.26072500000000015
0.23762499999999995
0.31729411764705884
0.31729411764705884
0.3330471196754564
0.34880012170385394
0.3645531237322515
0.3803061257606491
0.3960591277890466
0.4118121298174442
0.4275651318458418
0.44331813387423935
0.45907113590263693
0.47482413793103445
0.4732916666666665
0.4716604166666667
0.46979166666666666
0.4693270833333334
0.48488958333333326
0.5319000000000002
0.5399395833333335
0.537
0.55498125
0.5727666666666666
0.5512477272727271
0.5336458333333335
0.5902020833333333
0.6166541666666665
0.6407416666666667
0.6342854166666667
0.6300500000000001
0.6394958333333335
0.6712875
0.512225
0.5132500000000001
0.5129604166666669
0.5127021276595745
0.5121249999999998
0.5117270833333336
0.5118333333333335
0.5786166666666668
0.6454000000000001
0.6419063829787234
0.65285625
0.6715187499999998
0.7604020833333335
0.7744770833333333
0.7743000000000002
0.7689229166666666
0.7654312499999999
0.7638979166666666
0.8067641025641026
0.8067641025641026
0.8155250377073907
0.8242859728506787
0.8330469079939669
0.841807843137255
0.850568778280543
0.8593297134238311
0.8680906485671193
0.8768515837104073
0.8856125188536954
0.8943734539969834
0.9031343891402716
0.9118953242835597
0.9206562594268477
0.9294171945701358
0.938178129713424
0.946939064856712
0.9557000000000001
0.952755319148936
0.9040170212765961
0.8563625
0.7966520833333334
0.7410624999999998
0.6722374999999999
0.6376723404255319
0.6178021276595744
0.6486020833333332
0.63638125
0.6637166666666667
0.7669914893617022
0.7099416666666666
0.7060166666666667
0.7080852941176469
0.7741558049535603
0.8402263157894737
0.7780378378378378
0.6098857142857143
0.6128874999999997
0.6123808510638298
0.6124812499999998
0.6129108695652172
0.6130020833333331
0.612827083333333
0.612933333333333
0.6135729166666667
0.6141916666666666
0.6202270833333337
0.6213085106382978
0.6320795454545456
0.7136113636363636
0.6721042553191489
0.6778893617021277
0.7702
0.6916054054054055
0.6224599999999999
0.6998981818181818
0.7773363636363637
0.72575
0.6964974999999999
0.7076230769230769
0.7089354166666664
0.7061041666666665
0.7006478260869566
0.7027604166666666
0.7015021276595744
0.7125717391304348
0.7200999999999999
0.7029999999999998
0.7280612903225806
0.7323689655172414
0.7305250000000002
0.7307999999999999
0.7358914285714283
0.7327304347826086
0.7353787234042556
0.7354977777777778
0.7498617021276597
0.7405854166666667
0.7488565217391299
0.7499297872340421
0.7530979166666665
0.7523875000000003
0.7511466666666666
0.7361916666666666
0.7325297872340428
0.7325791666666666
0.7352479166666662
0.7344063829787234
0.7311666666666666
0.7311354166666667
0.7312562500000003
0.7310354166666669
0.7316520833333335
0.7327276595744678
0.7706291666666666
0.8270291666666668
0.8260583333333334
0.8255166666666666
0.8274708333333333
0.8346583333333334
0.8350130434782607
0.8318439024390246
0.8235375000000005
0.8205250000000001
0.8187659574468085
0.818868085106383
0.8136270833333336
0.8083979166666665
0.8073541666666665
0.80615625
0.8053604166666667
0.8052652173913039
0.8052520833333334
0.8046270833333332
0.804404166666667
0.8059437500000003
0.8057625
0.8082476190476188
0.8057404761904761
0.8032333333333335
0.8064937499999999
0.8169041666666668
0.8369499999999997
0.8337333333333335
0.8350458333333332
0.8320666666666666
0.831295744680851
0.8331979166666672
0.8328521739130434
0.834486092438978
0.8361200109649125
0.827990670289855
0.8335163877765064
0.8390421052631578
0.8231291666666666
0.8022208333333332
0.7817416666666666
0.7543645833333333
0.7218812499999997
0.6998020833333333
0.6715604166666664
0.6313916666666665
0.5979104166666667
0.5629708333333335
0.5326874999999999
0.4970145833333333
0.45999375000000015
0.4305520833333334
0.39631041666666667
0.3580791666666668
0.3262020833333334
0.2941333333333334
0.26492708333333337
0.21206808510638298
0.1571479166666667
0.1244583333333333
0.0972583333333333
0.0
0.0
0.0
0.0
0.0
0.0
0.0
0.0
0.0
0.0
0.0
0.0
0.0
0.0
0.0
0.0
0.0
0.0
0.0
0.0
0.0
0.0
0.0
0.0
0.0
0.0
0.0
0.0
0.0
0.0
0.0
0.0
0.0
0.0
0.0
0.0
0.0
0.0
0.0
0.0
0.0
0.0
0.0
0.0
0.0
0.0
0.0
0.0
0.0
0.0
0.0
0.0
0.0
0.0
0.0
0.0
0.0
0.0
0.0
0.0
0.0
0.0
0.0
0.0
0.0
0.0
0.0
0.0785624
0.0785624
0.07814115746666667
0.07771991493333334
0.0772986724
0.07687742986666667
0.07645618733333333
0.0760349448
0.07561370226666667
0.07519245973333333
0.07477121719999999
0.07434997466666667
0.07392873213333333
0.07350748959999999
0.07308624706666665
0.07266500453333333
0.07224376199999999
0.075373628
0.078503494
0.08163335999999999
0.084763226
0.087893092
0.09102295799999999
0.094152824
0.09728268999999999
0.100412556
0.103542422
0.106672288
0.109802154
0.11293202
0.11606188599999999
0.119191752
0.122321618
0.125451484
0.12858134999999998
0.131711216
0.134841082
0.13797094799999998
0.14110081400000002
0.14423068
0.14736054599999998
0.15049041200000002
0.153620278
0.156750144
0.15988001
0.163009876
0.16613974199999998
0.16926960800000002
0.172399474
0.17552933999999998
0.17865920600000001
0.181789072
0.18491893799999998
0.188048804
0.19117867
0.19430853599999998
0.197438402
0.200568268
0.20369813399999998
0.206828
0.1906185
0.18963400000000002
0.165879
0.163661
0.1667195
0.1665505
0.163626
0.1630735
0.15140199999999998
0.3095205
0.173232
0.164213
0.1625265
0.1627945
0.16133150000000002
0.1612495
0.16341
0.1627855
0.1597335
0.158746
0.23071999999999998
0.19741
0.2641105
0.1840705
0.200478
0.193809
0.2053545
0.235387
0.275408
0.30529850000000003
0.3044875
0.305975
0.4483285
0.4607305
0.487246
0.572639
0.5206085
0.5018465
0.49665349999999997
0.4946785
0.4901605
0.4885515
0.48733950000000004
0.4872785
0.48745499999999997
0.49072550000000004
0.493907
0.536192
0.5431505
0.5106809999999999
0.48381799999999997
0.4797245
0.480139
0.47997999999999996
0.479915
0.484194
0.478298
0.48014049999999997
0.480255
0.478651
