0.0019795713915872863
0.0012842529179143223
0.0014549309807256243
0.0013051906345804994
0.0019421483479651865
0.001685508339248693
0.0017777970672909983
0.0015848062910482235
0.001891838874718062
0.0021762495539068413
0.0025382063100881564
0.0023881906224245794
0.0015618880214069164
0.002510906444042662
0.0023544395778632883
0.0021624418364823298
0.0021498222321428575
0.0025007058432759497
0.002628665225494875
0.003447868154919464
0.0036434934027899228
0.0024426831394309765
0.003833172226156654
0.004316834876445327
0.003503709197693565
0.002682825980957009
0.002407803018585587
0.003250711702244458
0.003227567066946771
0.0023794878618308953
0.0025908931177086162
0.003307274202076426
0.004262312318493122
0.003124356942764789
0.0030367934756808873
0.002910967291666667
0.003103296885330086
0.003580286991182561
0.003745185736546651
0.003071497219066054
0.0026938027938602587
0.002334566619167001
0.002494753118385653
0.0025246416303776296
0.0024176101927643255
0.002506283304484353
0.002605790340125239
0.002629123252777777
0.002661327867798354
0.0033229255389030585
0.001928181508973913
0.002916066730605571
0.002557514555354049
0.003295390902295525
0.0034579416356239566
0.004393687350545735
0.0024707230463474204
0.0025464056141201
0.0023121706531135542
0.0024609621885185277
0.002556535881251078
0.0024734682648148167
0.0026172853772556967
0.002534108857170211
0.0027180794040041188
0.002907676008597881
0.0028165832767479645
0.002791628878000787
0.0028591279001702824
0.0031729346702976725
0.002505636778792603
0.002405884094177747
0.0024441261431329183
0.0029051775276201924
0.0018034754026880066
0.002232889722384561
0.0025778702929428864
0.0033380135620643633
0.0031867910538104834
0.0035306071531954566
0.0029675926030187996
0.0023871243525284656
0.0025617228162040455
0.003609640470099886
0.003500427281923289
0.002708121809513284
0.003229320672652802
0.004311283449063964
0.003409554532253385
0.0033141502454205377
0.0037141380833248475
0.0039920274044989166
0.003369677517082971
0.003644609522907666
0.0033267523967003563
0.0034844386109524937
0.0034804661867012905
0.003865826772607067
0.0032290479731575715
0.003502250689637479
0.0034415499296056823
0.003342678169343239
0.002897806032439785
0.0033957891912696275
0.002283223634983536
0.0029752947409090913
0.0033851381059995652
0.0040980957308210594
0.003189154650878586
0.002771501650415619
0.002339576045079901
0.0027810302418704662
0.0030014549425434658
0.00372739930555556
0.0029955759556360693
0.00365501902756902
0.003448181856575331
0.003278383842483907
0.0031596246467157424
0.0033595772374136763
0.003340025511978692
0.003474082548078774
0.003250205027239061
0.0031308032637945783
0.0027184874534731673
0.00282673992618623
0.002751113937701987
0.0028173632630612146
0.0031782005585074486
0.0029412899605555307
0.0023773958548285457
0.0025633173525500936
0.002700908073256595
0.0029569702345635077
0.0025287827877768895
0.002569452042206469
0.002591773454587828
0.0028384276798200016
0.00271035198390242
0.0034993537988267957
0.0024213908209044567
0.002515552744861668
0.002792714956314915
0.0023233332413190875
0.0019174390307732932
0.0026559530007338214
0.002704139456702094
0.0025998920094936723
0.0024282621298446806
0.002760545377777778
0.0024556903644130227
0.0026037290260630987
0.002880569241123517
0.002729650901742953
0.00213092570448501
0.0019802374432966014
0.0015482512968749997
0.0017573894993775732
0.0019107785557418325
0.0012488606663748287
0.001369995005298185
0.0011785447527671627
0.0008812685128964492
0.0010955113934684342
0.0008104310075416833
0.0008091059878601272
0.0005587909756985438
0.0005109131174957537
0.0003669424320265334
0.000403912056398376
0.0003962828686704702
0.0003074135048861518
0.00010332774189331384
0.00022537628969332386
0.0002297479655159342
9.904118109842163e-05
0.00032724527774190786
0.00025209810463728226
0.00012482654629639958
0.00015184220223528216
0.00018259461659291353
0.00022227612989589727
7.932589180495846e-05
0.00032223001145048906
0.00014017247920391726
0.00019349667175819552
0.00022023890867549055
0.0001724568398150679
0.0002865525850566889
3.461822466554435e-05
7.649112147955664e-06
2.7848467729572875e-05
0
0
0
6.092671705513882e-05
0
3.2595838706541645e-05
0
0
0.00010221126194536526
2.339656970607933e-05
0
7.4099424348557705e-06
0.00011409191581613289
0.00015464494848211404
0
1.5129127515158347e-05
0
2.321872895800081e-05
2.464629070084914e-05
0
0
0.00011049280418137027
3.7771698712685306e-05
3.554769029797163e-05
6.657022070744061e-05
4.131522006728059e-05
4.5958815460940435e-05
6.290380486189591e-05
8.6315492259101e-06
1.5237090455235382e-05
0.00010743018297306037
0.0001345334352527244
8.816953975128349e-05
0.0002386105253185608
0
4.1801487526938086e-05
4.27183733379498e-05
0
1.8947979083312282e-05
0
5.97873660813499e-05
7.193269604520764e-05
0
7.732281735732221e-05
4.766424819945918e-06
0
0.00016220109151290484
0.0006181337934961989
0
0
0
0
0.0003839679764745087
0
0
8.555081055893825e-05
1.7072971080884197e-05
4.766786246840535e-06
5.7202545380420043e-05
0
9.85657486074262e-06
0.000177421094296219
0
5.0921224965867255e-06
7.146549046822065e-05
4.9411687913329055e-05
0
5.114235411200005e-05
0.00035542585001333335
6.379278272910145e-05
0
0.0005311135724881159
0.00034317201261958256
9.346985872644243e-05
0.00011650009568798445
4.840921565867711e-05
0.00018824982713944852
0
0
0.00011058357672718322
0.000184201995068887
0.0001334881384773333
0.00013300503253498952
0.00016999139835646463
0.0002886551368926361
0.00026063309698792764
0.00042873609008889
0.0009533895877139902
0.0005869408268809343
6.648249003143457e-05
3.750385259922106e-05
0.00022455008379246974
0.00022260569695063207
0.0012551345318316
0.00015170453297117846
8.892114922968e-05
0.00023008648724046424
7.752355520110095e-05
0.0009810735584736662
0.00013254216729593408
0.001091508071196118
0.0004755890766405318
0.0007466466844453224
0.00031201723512713097
0.000931004747597873
0.0004349735269037038
0.0009799373016292324
0.0007360808559809565
0.0007830561071476142
0.0010021208516542092
0.001335673025010324
0.0015134475546230003
0.000892605724410794
0.0006341353167184065
0.0006624846182981236
0.0006937319957924311
0.0006612862838849198
0.000536242027306485
0.0017798329057522385
0.0009578943012332125
0.0009053170758861856
0.001228625461863891
0.0009884929960000005
0.0009616693183243009
0.0005820532920571593
0.0005487393000000001
0.0010525073297477133
0.0007407635233667099
0.0009381505204939682
0.0016296590016126277
0.0012651182174038345
0.0012637213912235813
0.0011075560355374972
0.0015128531778928443
0.001330856678711044
0.0016605441242076018
0.0021182622829561937
0.0012686953511323793
0.0018074811292539792
0.0015368142352892304
0.0013007283847895764
0.0018005343323963807
0.0010766193005185538
0.0013086252808220183
0.0026237347165338158
0.00219495252081842
0.0016689135950298487
0.00223097739236524
0.0021373069809674555
0.0022031169342558703
0.0020097016030734814
0.0020810440930744125
0.00215104878864447
0.002203616431947069
0.002952092011657214
0.001800508037407526
0.0016120526232993198
0.0022955585902054453
0.002074762748676596
0.0016813974732782365
0.002074197810650888
0.001962196060390086
0.002036555514044205
0.0030051052997373856
0.0014615650807823153
0.0018363687857996921
0.001450254611461646
0.0014246722015706197
0.0024343214962912235
0.002185030404401155
0.0009295524490314951
0.0016609130646162078
0.0019843083551469567
