2.48362613       
2.51016545       
2.54402518       
2.58733487       
2.64276791       
2.66767383       
2.68317318       
2.70221806       
2.72601032       
2.75650191       
2.79562402       
2.84598899       
2.91116643       
2.99610686       
3.10682774       
3.24628663       
3.41527247      
3.61224866       
3.83520317       
4.08955574       
4.37285280       
4.67651510       
4.98578882       
5.27888918       
5.52891207       
5.71006346       
5.80872154       
5.83528376       
5.82583380       
5.82321215       
5.84862900       
5.89732933       
5.96135664       
6.04123878       
6.14129257       
6.26680708       
6.42432261       
6.62211990       
6.87052107       
7.18261003       
7.57492828       
8.06866455       
8.69151306       
9.47704601       
10.4720335       
11.7366562       
13.3493233       
15.4157705       
18.0505676       
21.5028915       
25.9329205 
