-8.13902607349082
-8.01992377388535
-7.975691522435902
-8.327555506410262
-9.604024317817007
-10.37970657051282
-10.788152562500004
-10.010626813008127
-9.081532887438827
-9.483564358974364
-10.600275288461527
-12.406404415064097
-12.505034253205107
-11.613871551282044
-9.369083958333327
-7.7632676602564
-8.978293589085078
-8.325577703525644
-8.681580464743584
-8.603287804487183
-9.518115721153842
-9.539056858974362
-8.703170689102564
-7.586024102564097
-7.937160352564114
-11.120178333333332
-12.602963413461538
-11.42268714743589
-12.905121708126035
-12.550947026086964
-11.80451770833333
-10.860260954861115
-11.303668262152783
-9.946544383680553
-8.836915295138885
-9.175150434027778
-10.152186944444441
-10.020502430555556
-10.705096184668985
-10.916380365217396
-9.813011631944457
-8.494770937499998
-7.987541043478265
-9.147837673611109
-10.426551284722223
-9.835125798611108
-10.677659652777772
-10.391366475694452
-10.90046036458332
-11.830412313043466
-11.370741545138905
-11.71515810763888
-13.279562829861113
-14.330917480902782
-13.54871401041666
-12.845748124999988
-13.636755086805552
-14.708996944444428
-15.510892746858195
-12.921631509090911
-11.848941902173905
-12.01725193840581
-11.824072481884048
-12.414664909420287
-10.351962862318832
-9.296207173913048
-9.877224454382839
-9.419301388888892
-13.012794427083332
-13.776326111111107
-13.957425937500002
-12.75975840277777
-11.670176829268291
-10.59489419826088
-11.28583152777777
-13.167600732984301
-15.239657028469736
-15.415788474637688
-14.883658860507243
-14.109064094202887
-12.783709581521737
-14.17369520871144
-15.866231831501814
-14.664053612167315
-13.85229493433395
-11.411433672727275
-11.075493887272728
-13.208951851179664
-14.217037313974595
-14.62932789855073
-15.553887128623193
-14.66752813248639
-13.18602746376811
-11.461891865942038
-10.347628025362315
-10.845408199999996
-10.890788496376814
-10.628184791288557
-9.378162192028984
-8.329516978260877
-9.1543922463768
-10.2234158287796
-9.987553858695653
-10.676052499999992
-10.010222572463771
-8.822587568058077
-9.329513113878999
-9.733692144347827
-10.004050370106757
-8.593517992895212
-8.904678003472213
-9.321804895833337
-8.890587669565226
-7.640504521739126
-7.407198524305558
-7.289425677083337
-7.532534540816329
-6.898356554487173
-6.616835562700958
-6.313494551282048
-4.709215320512823
-3.7423527768860354
-4.02453654895666
-4.749835432692313
-4.245937756410258
-3.740015112179489
-3.492848945512819
-3.9900363926282036
-3.994077359550561
-4.1950103563402905
-4.261141371794876
-3.5410437942122126
-2.5745390471544707
-2.38766329113924
-3.0578829675425014
-2.820656675425039
-3.4204488194444447
-2.746805859567903
-2.172921640432098
-1.4267799814814834
-1.3122980817901215
-1.729734611111112
-1.119117895061729
-0.7264661930926225
-1.5209280401234564
-1.4268799382716049
-0.6040497114197526
-0.5473728330757339
-0.25805874228395054
0.6030545416666665
0.9647701666666672
1.0037473487654316
1.0303766820987652
0.880107360248448
0.7449114064914985
1.1670356543209883
1.271832783950617
1.1788378549382728
1.7508112037037047
1.797115340557276
1.7813238271604916
1.9684584151234557
1.7376377407407408
2.192038626543206
2.314429247648902
2.3913964197530846
2.572904012345678
2.4958288117283955
2.6495630757341564
2.9413536929012354
3.3789437608024677
3.954500004629629
4.333477623456789
4.09585268518518
4.117512753086421
4.660553168469857
4.243090231481481
4.867869104938274
4.994024953703709
4.459568101851852
4.805584567901235
4.797951373456794
4.758023091190117
5.761223271604941
5.706544506172837
5.01702405864175
5.3924363580246
6.137204320987653
5.934377697063369
6.166462762345679
6.389014444444442
6.170074610591898
5.972539608763693
6.415454177018641
6.075948087091758
6.444631944444446
6.688211064814821
6.840785679012337
7.060057052469136
6.6801840895061755
6.8273657870370394
6.531165601851851
6.433124907407404
6.263025787037038
6.239660246913576
5.77930840557276
6.144929783950617
6.102629578783147
6.254378343653257
6.490928456790128
5.8858060185185215
5.621850947204969
6.01757304821151
6.244723734567898
6.1412313117283945
5.70051395061728
5.746906033950611
5.917136893353945
6.013514845201244
5.713204466769709
5.475902561728398
5.225554259259256
5.007593353941268
4.846332515432097
5.0949420977918
4.8794328044871795
4.812571444622791
4.963903285256404
5.244809147909968
5.220389130434781
5.239613741830068
4.991205353697745
4.480994678456593
4.145724181089745
4.421125913461539
4.153162499999998
4.420818115702485
3.9839707021630613
3.734274276699032
3.5995741666666663
3.1296457463884417
3.220914391025643
2.701987179487177
2.696761153846153
2.4857918108974357
2.666639140495869
3.095362183333334
3.304481851666666
3.0177895499999967
2.287098665
2.2340728833333325
2.1521370260869586
2.2643197822141565
2.005915634057972
1.9664184629294759
2.439015958974357
1.893525248263888
1.9793701635111884
1.483013825042881
0.6967993568965516
1.1739761357388316
0.3850077334410348
0.00951846263910984
0.3668753805031448
0.9483686703645012
0.9089123333333332
0.2226404558587473
0.17250153639240515
-1.3802572573643417
-1.347808880000000
-0.2869099582043352
-1.343123999999997
-1.0249421891472883
-0.43431468315301486
-1.4856712797527052
-1.7001897067901237
-2.6801474228395046
-2.7266528086419783
-2.1273871205564103
-2.782073602484474
-2.553352901234574
-2.452416283891549
-1.55972432907348
-2.551307854938271
-3.4190174124203785
-3.442544373996788
-2.50005474198718
-2.43198183974358
-2.9041328525641026
-5.063119368589744
-5.786727660256409
-4.715097722929932
-3.6587710108864737
-4.5514372530864176
-3.6034114397496144
-4.970971781701439
-5.770158747993581
-7.226079678972707
-6.569957865168541
-5.695326337620582
-6.089907858293079
-6.287078205457462
-7.1589350000000
-8.528019919224555
-7.726167952160489
-7.499824209702659
-7.514664349845201
-6.22212200617283
-5.540596234567907
-7.108782922839511
-6.916310223765429
-6.778169006182383
-7.04114176080246
-6.865740308641986
-6.332509228395073
-7.488180956790125
-9.568131743827156
-10.137547976599066
-7.646702380216385
-7.568260891640854
-7.805752289922475
-8.003708877708977
-8.039272278124994
-7.2641566462264135
-5.964888984177213
-6.168330899841016
-6.850655627980924
-8.808060874403822
-9.683873807210029
-8.154245416666681
-7.370753965299686
-7.552914408099691
-7.384500620155038
-6.489598276729559
-7.276655605815835
-9.44882396694215
-9.282471566666667
-8.842799999999993
-9.918097166666671
-8.539766749999991
-9.087813733333329
-10.13320481666666
-10.265651833333328
-10.250103650000009
-9.191255900826437
-8.348869118589736
-10.257633717948716
-8.643870833333335
-8.12523539325843
-6.353264679487176
-8.245177939778134
-8.766894546874983
-8.510875529225915
-9.166783161875946
-10.468731101190494
-9.787516726190487
-8.768700803571434
-9.420930714285712
-9.687517162444115
-10.772872380952373
-12.826724747023805
-11.697869322388074
-10.565538863095222
-9.339702074404759
-9.191733730654757
