-6.96799612    
  -6.95326281    
  -6.93482256    
  -6.91174555    
  -6.88287973    
  -6.87594223    
  -6.87709045    
  -6.87857008    
  -6.88048553    
  -6.88298416    
  -6.88625908    
  -6.89058161    
  -6.89401960    
  -6.88229322    
  -6.84556961    
  -6.78376770    
  -6.69931650    
  -6.59556341    
  -6.49274111    
  -6.45355463    
  -6.42913818    
  -6.38567543    
  -6.32202768    
  -6.24360466    
  -6.15449572    
  -6.05763102    
  -5.95590258    
  -5.85155869    
  -5.74384165    
  -5.62630129    
  -5.48623800    
  -5.30834246    
  -5.07991648    
  -4.79086828    
  -4.42850637    
  -3.97494221    
  -3.40738177    
  -2.69755816    
  -1.80277383    
 -0.559158742    
  0.551931202    
   1.97512233    
   3.66960359    
   5.65394258    
   7.92635870    
   10.4570894    
   13.1942568    
   16.0811996    
   19.1095943    
   22.3593273    
   25.9352493    
