3.27359891       
3.33769226       
3.41790962       
3.51827645       
3.64380097       
3.70127940       
3.73970580       
3.78765607       
3.84742999       
3.92185235       
4.01442957       
4.12984371       
4.27505159       
4.44400072       
4.63234949       
4.86192894       
5.14567995       
5.43889570       
5.82865906       
6.26824617       
6.76177216       
7.33990240       
7.93048811       
8.49019623       
8.96664810       
9.30889320       
9.48863316       
9.52332020       
9.48016453       
9.44055843       
9.44501495       
9.48319435       
9.53700924       
9.60373592       
9.68714619       
9.79180622       
9.92318439       
10.0882111       
10.2954187       
10.5559673       
10.8838472       
11.2965994       
11.8167953       
12.4742737       
13.3069296       
14.3633461       
15.7026377       
17.4000072       
19.5674191       
22.3537598       
25.9329548    
