1.19187540E-07   
3.93593400E-05   
8.33373415E-05   
1.32625253E-04   
1.87864192E-04   
2.49772740E-04   
3.19156097E-04   
3.96916876E-04   
4.84066491E-04   
5.81738539E-04   
6.91203808E-04   
8.13886116E-04   
9.51380993E-04   
1.10547687E-03   
1.27817853E-03   
1.47173239E-03   
1.68865605E-03   
1.93177082E-03   
2.20423960E-03   
2.50960607E-03   
2.85184267E-03   
3.23540159E-03   
3.66527075E-03   
4.14704205E-03   
4.68698330E-03   
5.29211620E-03   
5.97031275E-03   
6.73039490E-03   
7.58225098E-03   
8.53696186E-03   
9.60694347E-03   
1.08061163E-02   
1.21500781E-02   
1.36563098E-02   
1.53444046E-02   
1.72363184E-02   
1.93566624E-02   
2.17330195E-02   
2.43962966E-02   
2.73811426E-02   
3.07263862E-02   
3.44755389E-02  
3.86773720E-02   
4.33865301E-02   
4.86642793E-02   
5.45792542E-02   
6.12084083E-02   
6.86379820E-02   
7.69646019E-02   
8.62965733E-02   
9.67552513E-02  
0.108476721      
0.121613488      
0.136336371      
0.152836874      
0.171329632      
0.192055240      
0.215283290      
0.241315901      
0.270491660      
0.303190142      
0.339836597      
0.380907744      
0.426937878      
0.478525758      
0.536342382      
0.601139665      
0.673760414      
0.755149662      
0.846365929      
0.948595703       
1.06316841       
1.19157434       
1.33548474       
1.49677062       
1.67753077       
1.88011587       
2.10715961       
2.36162281       
2.64679980       
2.96641850       
3.32462001       
3.72608352       
4.17600060       
4.68024921       
5.24535799       
5.87868261       
6.58858967       
7.38413429       
8.27540588       
9.27499962       
10.3948994       
11.6500158       
13.0566883       
14.6332674       
16.3985806       
18.3802299       
20.5994930       
23.0852661       
25.8742580       
28.9983788
