0.814643443      
0.832186937      
0.854555547      
0.883204281     
 0.920107603      
0.937970400      
0.950388968      
0.965975285      
0.985474110      
 1.00974309      
 1.03974688      
 1.07661247      
 1.12193537      
 1.17874801      
 1.24826562     
  1.32983792       
1.42123175       
1.52106726       
1.62894428       
1.74783480       
1.88073528       
2.02382588       
2.17056823       
2.31124067       
2.43381596       
2.52681208       
2.58436847       
2.61171556       
2.62602854       
2.64787507       
2.68824959       
2.74655461       
2.82103443       
2.91425252       
3.03111196       
3.17771912       
3.36168790       
3.59260941      
 3.88259053    
   4.24690199       
4.70493555       
5.28138018       
6.00738287       
6.92314339       
8.08088303       
9.55118942       
11.4202013       
13.8079729       
16.8731022       
20.8214359       
25.9328842 
