2.4689
    2.4869
    2.5097
    2.5389
    2.5762
    2.5916
    2.5998
    2.6099
    2.6220
    2.6366
    2.6543
    2.6767
    2.7060
    2.7442
    2.7944
    2.8607
    2.9462
    3.0486
    3.1708
    3.3029
    3.4416
    3.5929
    3.7560
    3.9233
    4.0838
    4.2244
    4.3325
    4.4022
    4.4392
    4.4630
    4.4971
    4.5553
    4.6378
    4.7430
    4.8743
    5.0386
    5.2441
    5.5010
    5.8220
    6.2229
    6.7230
    7.3463
    8.1219
    9.0855
   10.2802
   11.7577
   13.5796
   15.8179
   18.5568
   21.8921
   25.9326
