-6.20099354      
-6.17897987      
-6.15428734      
-6.12658548      
-6.09550190      
-6.06062126      
-6.02147532      
-5.97753525      
-5.92820454      
-5.87281036      
-5.84646034      
-5.82768488      
-5.80658722      
-5.78287220      
-5.75620747      
-5.72621489      
-5.69246721      
-5.65447712      
-5.61169052      
-5.56347752      
-5.50912237      
-5.44780779      
-5.37860107      
-5.30043936      
-5.21211243      
-5.11224365      
-4.99926901      
-4.87141752      
-4.72669363      
-4.56286383      
-4.37745190      
-4.16774368      
-3.93081403      
-3.66358161      
-3.36289930      
-3.02569556      
-2.64918947      
-2.23206162      
-1.78987062      
-1.45663965      
-1.35924613      
-1.40215647      
-1.49470568      
-1.59981334      
-1.70536423      
-1.80775678      
-1.90612745      
-2.00046849      
-2.09098387      
-2.17784214      
-2.26105022      
-2.34037232      
-2.41525912      
-2.48477840      
-2.54757214      
-2.60185337      
-2.64548635      
-2.67620921      
-2.69203138      
-2.69182563      
-2.67600226      
-2.64697075      
-2.60886407      
-2.56599712      
-2.52049470      
-2.47130489      
-2.41612625      
-2.35376334      
-2.28386211      
-2.20537949      
-2.11657190      
-2.01561308      
-1.90060902      
-1.76853073      
-1.61455131      
-1.43021619      
-1.20323241     
-0.921738327     
-0.589409053     
-0.218030721     
 0.189980775      
0.652232945       
1.16893470       
1.74544835       
2.39070821       
3.11122894       
3.91798639       
4.82105255       
5.83641100       
6.95862055       
8.21072578       
9.55622292       
10.9998398       
12.6022730       
14.3703699       
16.3870964       
18.5531921       
21.0687027       
23.6923084       
26.0000000       
28.9995461 
