2.33535457       
2.36405921       
2.40060711       
2.44737077       
2.50757861       
2.53548360       
2.55347180       
2.57546496       
2.60215020       
2.63464761      
2.67570019       
2.72833538       
2.79610991       
2.88379455       
2.99664903       
3.13644814       
3.30546093       
3.50102401       
3.72044373       
3.96940303       
4.24689627       
4.54436398       
4.84737206       
5.13460398       
5.37973928       
5.55754662       
5.65471029       
5.68141747       
5.67298126      
5.67135429       
5.69735527       
5.74641848       
5.81084299       
5.89123106       
5.99192953      
6.11826181       
6.27682495       
6.47585917       
6.72586584       
7.04004669       
7.43498182       
7.93182707      
8.55825520       
9.35004520       
10.3513117       
11.6257982       
13.2534018       
15.3399439       
18.0000172       
21.4642925       
25.9329205  
