   2.48397040    
   2.51052451    
   2.54440331    
   2.58773589    
   2.64319849    
   2.66812587    
   2.68364787    
   2.70272374    
   2.72656035    
   2.75710559    
   2.79629707    
   2.84674859    
   2.91203666    
   2.99711800    
   3.10801506    
   3.24768639    
   3.41697979    
   3.61435699    
   3.83789539    
   4.09302950    
   4.37726402    
   4.68208265    
   4.99283218    
   5.28788805    
   5.54059744    
   5.72549629    
   5.82930231    
   5.86262941    
   5.86158514    
   5.86908388    
   5.90684462    
   5.97097206    
   6.05429506    
   6.15817404    
   6.28798866    
   6.45034266    
   6.65326738    
   6.90676928    
   7.22314596    
   7.61764336    
   8.10883713    
   8.72002506    
   9.47829151    
   10.4148302    
   11.5712271    
   12.9928818    
   14.7305632    
   16.8409042    
   19.3941097    
   22.4230022    
   25.9335651   
