1.67808855       
1.71184385       
1.75430214       
1.80778646
1.87537229       
1.90708303       
1.92874610       
1.95599937       
1.99025261       
2.03314114       
2.08626819       
2.15056252       
2.22636628       
2.31890082       
2.43616700       
2.58107352       
2.74994087       
2.95044136       
3.16913772       
3.40425801       
3.66646862       
3.94798827       
4.23518276       
4.50802517       
4.74171305       
4.91237640       
5.00726700       
5.03574324       
5.03098297       
5.03273535       
5.06109571       
5.11219263       
5.17904711       
5.26251650       
5.36707830       
5.49826002       
5.66287088       
5.86953020       
6.12903070       
6.45512342       
6.86534643       
7.38162661       
8.03211975       
8.85437393       
9.89277744       
11.2126083       
12.8910227       
15.0265465       
17.7584324       
21.3214264       
25.9329128  
