2.95501971       
2.97808433       
3.00747561       
3.04489398       
3.09246159       
3.11310768       
3.12578368       
3.14215589       
3.16336989       
3.19095349       
3.22695804       
3.27419019       
3.33653760       
3.41912627       
3.52673078       
3.66026402       
3.82655716       
4.02402496       
4.25361776       
4.51728201       
4.81046200       
5.12452269       
5.44410658       
5.74657774       
6.00402880       
6.18977356       
6.28982735       
6.31516457       
6.30330420       
6.29854965       
6.32256365       
6.37011766       
6.43277931       
6.51092672      
6.60879374     
6.73157549       
6.88566208       
7.07916117       
7.32217789       
7.62753296       
8.01137257      
8.49458027       
9.10319901       
9.87202454       
10.8457117       
12.0855751       
13.6567488       
15.6639414       
18.2424412      
21.6071415      
25.9329205
