-13.41647631790808
-10.68277151510514
-14.54013512546384
-12.85631393450577
-5.539875851821458
2.152702937777832
6.211003232495743
3.004065356835053
-4.808165369739724
-15.36757954514349
-19.82689123390647
-12.92704570286886
-6.416476317908078
-13.08277151510514
-13.64013512546384
-12.85631393450577
-4.439875851821492
2.652702937777832
5.311003232495709
1.604065356835076
-2.208165369739701
-9.967579545143483
-5.526891233906454
-21.72704570286884
-18.81647631790808
-13.38277151510513
-13.84013512546383
-7.856313934505769
-8.139875851821481
1.152702937777832
5.211003232495743
3.504065356835053
-2.308165369739724
-9.567579545143477
-14.32689123390647
-8.127045702868845
-9.816476317908084
-19.48277151510512
-18.04013512546384
-14.65631393450578
-2.539875851821458
2.85270293777782
5.711003232495743
2.004065356835053
-1.908165369739746
-16.06757954514348
-17.32689123390647
-20.82704570286886
-16.0164763179081
-7.582771515105144
-14.54013512546384
-11.15631393450578
-5.039875851821458
0.3527029377778201
4.711003232495743
3.504065356835053
0.2918346302602992
-10.46757954514348
-15.82689123390647
-15.02704570286885
-14.91647631790808
-15.88277151510513
-12.94013512546382
-9.256313934505775
-0.0398758518214577
1.452702937777843
4.711003232495743
1.704065356835041
-3.408165369739746
-9.867579545143489
-16.52689123390645
-19.02704570286885
-14.11647631790809
-17.68277151510514
-16.44013512546382
-7.356313934505769
-1.439875851821492
2.052702937777809
5.411003232495732
1.904065356835087
1.491834630260288
-7.467579545143482
-15.62689123390645
-21.12704570286884
-13.91647631790808
-10.88277151510513
-6.540135125463845
-13.85631393450577
-5.33987585182147
2.452702937777843
5.611003232495721
2.104065356835076
0.6918346302602765
-12.66757954514347
-11.42689123390646
-18.32704570286886
-13.81647631790808
-11.18277151510514
-11.54013512546384
-7.756313934505775
-1.939875851821492
2.252702937777854
4.411003232495732
2.904065356835087
-5.208165369739701
-15.26757954514347
-22.12689123390645
-21.32704570286886
-18.11647631790809
-16.08277151510514
-10.64013512546384
-7.456313934505792
-0.9398758518214918
2.052702937777809
5.411003232495732
3.504065356835053
-2.808165369739724
-13.76757954514347
-18.52689123390645
-14.82704570286886
-14.21647631790809
-18.98277151510512
-14.54013512546384
-10.15631393450578
-3.239875851821446
1.652702937777832
5.111003232495721
2.604065356835076
-2.408165369739746
-12.76757954514347
-19.42689123390646
-6.827045702868862
-8.316476317908084
-18.28277151510513
-10.94013512546382
-14.05631393450579
-6.639875851821481
2.452702937777843
4.911003232495732
1.904065356835087
-5.808165369739724
-9.567579545143477
-13.92689123390646
-16.92704570286886
-15.71647631790809
-15.78277151510513
-15.64013512546384
-12.75631393450577
-6.239875851821447
2.052702937777809
4.711003232495743
2.404065356835087
-3.008165369739712
-12.86757954514349
-15.92689123390646
-13.32704570286886
-20.81647631790808
-18.78277151510513
-16.44013512546382
-10.95631393450579
-8.439875851821464
1.152702937777832
5.211003232495743
3.804065356835064
-1.808165369739724
-3.167579545143499
-16.92689123390646
-21.22704570286884
-15.5164763179081
-14.98277151510512
-17.84013512546383
-15.15631393450578
-5.83987585182147
1.952702937777843
5.211003232495743
2.904065356835087
-1.108165369739735
-14.56757954514348
-16.22689123390647
-13.82704570286886
-14.91647631790808
-17.88277151510513
-18.44013512546382
-14.85631393450577
-3.839875851821469
0.9527029377778429
5.311003232495709
3.604065356835076
0.6918346302602765
-15.96757954514348
-11.92689123390646
-21.02704570286885
-13.5164763179081
-22.48277151510512
-14.94013512546382
-9.65631393450578
-3.939875851821492
3.252702937777854
5.211003232495743
3.404065356835087
1.591834630260254
-9.367579545143489
-4.92689123390646
-6.327045702868862
-15.81647631790808
-14.48277151510512
-12.14013512546384
-13.95631393450579
-6.83987585182147
1.85270293777782
5.311003232495709
2.004065356835053
-2.508165369739712
-12.06757954514348
-19.62689123390645
-17.82704570286886
-12.21647631790809
-20.18277151510514
-10.34013512546383
-13.95631393450579
-3.63987585182148
1.652702937777832
5.011003232495755
3.604065356835076
-2.208165369739701
-3.167579545143499
-22.42689123390646
-12.62704570286884
-13.61647631790809
-16.38277151510513
-9.340135125463828
-9.556313934505786
-4.139875851821481
2.252702937777854
4.911003232495732
2.404065356835087
-1.808165369739724
-6.667579545143471
-17.32689123390647
-10.92704570286886
-15.31647631790808
-12.48277151510512
-16.44013512546382
-8.15631393450578
-6.33987585182147
1.652702937777832
4.611003232495721
3.004065356835053
1.091834630260254
-1.867579545143488
-19.12689123390645
-12.92704570286886
-20.0164763179081
-20.08277151510514
-18.84013512546383
-17.85631393450577
-3.539875851821458
2.252702937777854
4.111003232495721
3.104065356835076
-6.108165369739735
-10.36757954514349
-16.22689123390647
-15.12704570286884
-13.71647631790809
-14.38277151510513
-15.64013512546384
-14.05631393450579
-2.439875851821492
1.35270293777782
5.511003232495755
3.304065356835064
-1.308165369739724
-10.26757954514347
-20.92689123390646
-17.52704570286885
-2.516476317908101
-11.38277151510513
-6.140135125463839
-7.65631393450578
-5.939875851821492
3.252702937777854
5.911003232495732
3.204065356835041
-2.208165369739701
-13.86757954514349
-15.82689123390647
-20.82704570286886
-8.216476317908089
-11.48277151510512
-11.14013512546384
-8.856313934505769
-0.3398758518214691
1.85270293777782
5.611003232495721
2.404065356835087
-3.108165369739735
-8.167579545143472
-20.62689123390645
-19.02704570286885
-9.816476317908084
-17.58277151510514
-18.94013512546382
-10.65631393450578
-1.839875851821469
1.85270293777782
4.911003232495732
3.204065356835041
-1.208165369739701
-8.067579545143477
-13.42689123390646
-14.12704570286884
-7.016476317908101
-14.98277151510512
-9.040135125463845
-12.95631393450579
-2.439875851821492
0.7527029377778542
5.311003232495709
3.104065356835076
-4.508165369739713
-9.467579545143483
-13.22689123390647
-18.72704570286884
-10.11647631790809
-12.48277151510512
-17.24013512546383
-10.45631393450579
-1.339875851821469
1.652702937777832
4.511003232495755
0.4040653568350869
-3.608165369739735
-8.567579545143477
-20.12689123390645
-19.72704570286884
-17.5164763179081
-14.18277151510514
-12.24013512546383
-15.65631393450578
-5.739875851821447
2.452702937777843
5.111003232495721
2.304065356835064
-2.208165369739701
-9.067579545143477
-15.72689123390647
-6.52704570286885
-2.816476317908084
-11.98277151510512
-14.44013512546382
-13.55631393450579
-1.739875851821446
1.052702937777809
5.511003232495755
2.704065356835041
-3.708165369739701
-15.86757954514349
-9.626891233906449
-15.02704570286885
-9.716476317908089
-13.88277151510513
-13.74013512546383
-15.55631393450579
-5.939875851821492
2.252702937777854
4.711003232495743
2.304065356835064
-0.008165369739712158
-10.36757954514349
-18.12689123390645
-18.92704570286886
-17.71647631790809
0.6172284848948451
-15.74013512546383
-14.55631393450579
-3.839875851821469
1.652702937777832
4.911003232495732
4.004065356835053
-4.608165369739735
-11.16757954514347
-21.82689123390647
-18.12704570286884
-11.61647631790809
-19.28277151510513
-15.34013512546383
-14.55631393450579
-7.139875851821481
2.052702937777809
4.711003232495743
3.504065356835053
-3.608165369739735
-9.367579545143489
-22.72689123390647
-19.72704570286884
-15.31647631790808
-10.48277151510512
-13.74013512546383
-6.256313934505775
-2.439875851821492
2.552702937777809
5.311003232495709
4.104065356835076
-1.208165369739701
-6.267579545143465
-13.62689123390645
-10.62704570286884
3.783523682091911
-14.88277151510513
-21.94013512546382
-12.85631393450577
-2.739875851821446
0.8527029377778201
5.511003232495755
2.804065356835064
-1.508165369739712
-10.76757954514347
-6.726891233906471
-16.02704570286885
-12.71647631790809
-17.88277151510513
-17.64013512546384
-12.55631393450579
-4.83987585182147
2.052702937777809
5.211003232495743
2.904065356835087
-0.5081653697397122
-9.267579545143466
-17.72689123390647
-17.22704570286884
-17.0164763179081
-16.98277151510512
-15.74013512546383
-14.75631393450577
-5.83987585182147
0.5527029377778088
4.911003232495732
3.204065356835041
-0.9081653697397463
-11.16757954514347
-15.12689123390645
-14.12704570286884
-5.516476317908101
-14.18277151510514
-14.54013512546384
-7.256313934505775
-5.33987585182147
2.35270293777782
5.311003232495709
1.504065356835053
-5.008165369739713
-10.16757954514347
-19.02689123390645
-23.02704570286885
-14.81647631790808
-19.38277151510513
-13.04013512546384
-10.15631393450578
-3.239875851821446
1.652702937777832
5.111003232495721
0.4040653568350869
-3.008165369739712
-12.16757954514347
-16.72689123390647
-15.32704570286886
-16.11647631790809
-14.28277151510513
-19.84013512546383
-8.65631393450578
-6.039875851821458
1.552702937777809
5.311003232495709
2.104065356835076
-6.308165369739724
-12.26757954514347
-12.52689123390645
-16.12704570286884
-10.0164763179081
-7.482771515105121
-14.44013512546382
-9.856313934505769
-2.539875851821458
1.552702937777809
5.711003232495743
2.704065356835041
-3.008165369739712
-15.26757954514347
-22.12689123390645
-16.72704570286884
-16.91647631790808
-19.38277151510513
-17.74013512546383
-13.55631393450579
-8.639875851821481
1.552702937777809
5.511003232495755
3.704065356835041
-0.9081653697397463
-11.16757954514347
-13.92689123390646
-8.627045702868845
-12.5164763179081
-19.58277151510514
-14.84013512546383
-14.75631393450577
-3.039875851821458
2.752702937777854
5.011003232495755
1.504065356835053
2.791834630260299
-8.967579545143483
-15.12689123390645
-17.62704570286884
-10.11647631790809
-18.88277151510513
-11.44013512546382
-7.15631393450578
-1.839875851821469
0.05270293777780877
4.911003232495732
2.104065356835076
-0.4081653697397463
-11.96757954514348
-13.02689123390645
-22.02704570286885
-13.0164763179081
-17.38277151510513
-20.14013512546384
-12.15631393450578
-6.439875851821492
0.1527029377778315
5.611003232495721
2.404065356835087
-3.408165369739746
-13.66757954514347
-8.92689123390646
-15.82704570286886
-12.11647631790809
-15.88277151510513
-14.44013512546382
-15.15631393450578
-4.439875851821492
1.35270293777782
5.011003232495755
4.004065356835053
1.791834630260299
-9.567579545143477
-19.62689123390645
-15.32704570286886
-11.11647631790809
-11.58277151510514
-10.24013512546383
-13.35631393450577
0.5601241481785082
2.252702937777854
5.311003232495709
1.004065356835053
-1.308165369739724
-9.567579545143477
-14.52689123390645
-21.12704570286884
-18.91647631790808
-21.38277151510513
-16.04013512546384
-15.05631393450579
-4.639875851821481
2.452702937777843
4.911003232495732
1.704065356835041
-5.308165369739724
-16.36757954514349
-16.92689123390646
-15.72704570286884
-16.81647631790808
-16.28277151510513
-17.24013512546383
-8.056313934505786
0.0601241481785082
1.452702937777843
5.111003232495721
3.504065356835053
1.091834630260254
-13.46757954514348
-20.22689123390647
-17.72704570286884
-10.31647631790808
-13.38277151510513
-18.24013512546383
-10.75631393450577
-4.439875851821492
1.652702937777832
5.511003232495755
2.104065356835076
-3.808165369739724
-10.16757954514347
-18.42689123390646
-11.62704570286884
-12.61647631790809
-14.78277151510513
-12.54013512546384
-14.25631393450577
-8.039875851821458
1.752702937777854
5.411003232495732
2.204065356835041
0.7918346302602992
-5.467579545143454
-19.12689123390645
-13.22704570286884
-10.71647631790809
-22.48277151510512
-20.04013512546384
-19.95631393450579
-4.239875851821447
1.85270293777782
4.611003232495721
3.804065356835064
-2.608165369739735
-15.26757954514347
-16.92689123390646
-11.32704570286886
-10.0164763179081
-7.482771515105121
-14.54013512546384
-16.55631393450579
-6.239875851821447
1.652702937777832
5.711003232495743
0.1040653568350756
-3.508165369739712
-14.76757954514347
-14.52689123390645
-22.32704570286886
-14.81647631790808
-19.68277151510514
-16.34013512546383
-16.25631393450578
-4.439875851821492
1.152702937777832
5.511003232495755
2.504065356835053
-0.9081653697397463
-11.66757954514347
-16.42689123390646
-6.927045702868856
-16.31647631790808
-17.78277151510513
-17.44013512546382
-11.25631393450577
-3.339875851821469
2.552702937777809
5.111003232495721
2.604065356835076
1.891834630260265
-11.86757954514349
-9.226891233906471
-12.42704570286886
-11.11647631790809
-11.38277151510513
-17.64013512546384
-13.55631393450579
-3.239875851821446
3.052702937777809
5.711003232495743
5.204065356835041
-2.308165369739724
-7.367579545143488
-15.52689123390645
-10.42704570286886
-10.31647631790808
-14.58277151510514
-9.040135125463845
-6.056313934505786
-2.63987585182148
2.052702937777809
5.111003232495721
3.204065356835041
-1.608165369739735
-8.967579545143483
-15.02689123390645
-16.22704570286884
-21.11647631790809
-15.38277151510513
-11.34013512546383
-12.85631393450577
-4.939875851821492
3.35270293777782
5.011003232495755
3.204065356835041
-0.008165369739712158
-9.567579545143477
-16.62689123390645
-16.42704570286886
-12.21647631790809
-19.48277151510512
-17.04013512546384
-8.65631393450578
-4.039875851821458
2.452702937777843
5.011003232495755
1.704065356835041
-0.6081653697397349
-11.26757954514347
-11.42689123390646
-13.12704570286884
-10.91647631790808
-14.38277151510513
-12.34013512546383
-6.756313934505775
-3.539875851821458
2.452702937777843
5.611003232495721
3.204065356835041
1.691834630260276
-6.767579545143465
-18.62689123390645
-11.72704570286884
-16.41647631790808
-14.48277151510512
-13.04013512546384
-11.35631393450577
-3.63987585182148
1.85270293777782
6.311003232495709
2.704065356835041
-5.908165369739747
-9.967579545143483
-10.32689123390647
-11.72704570286884
-9.516476317908101
-16.28277151510513
-8.940135125463822
-7.456313934505792
-5.239875851821447
0.7527029377778542
4.811003232495709
1.804065356835064
-3.808165369739724
-14.76757954514347
-14.32689123390647
-17.72704570286884
-17.91647631790808
-11.28277151510513
-16.74013512546383
-12.35631393450577
-5.83987585182147
2.252702937777854
4.111003232495721
2.004065356835053
-1.608165369739735
-8.267579545143466
-13.52689123390645
-17.22704570286884
-14.81647631790808
-16.28277151510513
-23.14013512546384
-10.65631393450578
-4.33987585182147
0.4527029377778429
5.111003232495721
1.304065356835064
-1.608165369739735
-9.767579545143466
-15.52689123390645
-19.52704570286885
-11.71647631790809
-16.88277151510513
-15.74013512546383
-17.75631393450578
-4.039875851821458
2.952702937777843
4.211003232495743
3.304065356835064
-1.308165369739724
-15.66757954514347
-10.82689123390647
-11.42704570286886
-15.21647631790809
-19.98277151510512
-13.74013512546383
-12.05631393450579
-3.63987585182148
0.8527029377778201
5.311003232495709
0.8040653568350642
-3.208165369739701
-12.66757954514347
-20.62689123390645
-21.42704570286886
-11.0164763179081
-13.38277151510513
-18.34013512546383
-13.35631393450577
-7.139875851821481
1.952702937777843
5.911003232495732
3.104065356835076
-3.308165369739724
-15.06757954514348
-23.52689123390645
-23.02704570286885
-10.91647631790808
-14.48277151510512
-13.34013512546383
-1.756313934505803
-1.439875851821492
1.152702937777832
5.211003232495743
3.804065356835064
1.591834630260254
-9.867579545143489
-20.32689123390647
-4.02704570286885
-8.116476317908095
-14.38277151510513
-19.54013512546384
-9.056313934505786
-2.439875851821492
2.152702937777832
4.511003232495755
2.104065356835076
0.7918346302602992
-0.06757954514347642
-10.22689123390647
-12.62704570286884
-6.816476317908084
-14.78277151510513
-16.24013512546383
-12.35631393450577
-5.33987585182147
1.052702937777809
4.811003232495709
3.904065356835087
-3.108165369739735
-8.767579545143466
-18.82689123390647
-16.32704570286886
-13.81647631790808
-18.08277151510514
-11.64013512546384
-12.35631393450577
-3.63987585182148
2.552702937777809
5.911003232495732
3.004065356835053
-3.208165369739701
-13.26757954514347
-20.02689123390645
-21.32704570286886
-20.5164763179081
-14.98277151510512
-13.54013512546384
-13.25631393450577
-6.939875851821492
1.452702937777843
5.011003232495755
2.204065356835041
3.491834630260288
-9.967579545143483
-20.62689123390645
-17.42704570286886
-7.316476317908084
-14.48277151510512
-21.34013512546383
-9.556313934505786
-5.639875851821481
1.85270293777782
6.111003232495721
3.504065356835053
0.6918346302602765
-7.367579545143488
-21.22689123390647
-14.62704570286884
-10.71647631790809
-15.78277151510513
-16.94013512546382
-10.75631393450577
-2.239875851821446
1.052702937777809
5.111003232495721
2.504065356835053
-5.008165369739713
-11.96757954514348
-17.72689123390647
-13.42704570286886
-14.71647631790809
-17.08277151510514
-15.34013512546383
-16.25631393450578
-6.139875851821481
1.35270293777782
5.311003232495709
1.104065356835076
1.491834630260288
-7.867579545143488
-19.22689123390647
-14.42704570286886
-14.21647631790809
-13.08277151510514
-7.740135125463834
-8.956313934505792
-1.239875851821446
2.052702937777809
6.111003232495721
2.704065356835041
-3.808165369739724
-8.567579545143477
-15.92689123390646
-21.22704570286884
-11.21647631790809
-14.78277151510513
-10.74013512546383
-8.856313934505769
-5.33987585182147
1.952702937777843
4.611003232495721
1.804065356835064
-3.008165369739712
-11.56757954514348
-17.92689123390646
-19.72704570286884
-7.516476317908101
-11.48277151510512
-7.640135125463839
-5.756313934505775
-1.939875851821492
2.952702937777843
6.011003232495755
3.304065356835064
5.391834630260265
-4.667579545143499
-10.32689123390647
-21.22704570286884
-15.5164763179081
-19.88277151510513
-13.94013512546382
-14.75631393450577
-6.139875851821481
1.152702937777832
5.011003232495755
2.804065356835064
1.791834630260299
-8.167579545143472
-14.72689123390647
-7.927045702868856
-14.0164763179081
-16.28277151510513
-19.84013512546383
-10.85631393450577
-6.039875851821458
2.35270293777782
5.811003232495709
1.804065356835064
-1.008165369739712
-7.567579545143476
-13.52689123390645
-17.02704570286885
-8.616476317908095
-14.58277151510514
-16.94013512546382
-10.95631393450579
-6.83987585182147
1.152702937777832
5.111003232495721
2.804065356835064
-6.408165369739747
-11.56757954514348
-12.52689123390645
-17.22704570286884
-13.71647631790809
-5.382771515105127
-11.24013512546383
-9.65631393450578
-4.939875851821492
1.35270293777782
5.311003232495709
3.204065356835041
-2.008165369739712
-10.16757954514347
-18.82689123390647
-18.82704570286886
-9.816476317908084
-11.28277151510513
-16.34013512546383
-14.45631393450579
-3.13987585182148
2.552702937777809
5.211003232495743
3.204065356835041
-1.008165369739712
-13.26757954514347
-19.52689123390645
-22.62704570286884
-16.91647631790808
-19.98277151510512
-17.94013512546382
-12.75631393450577
-2.039875851821458
1.85270293777782
5.111003232495721
2.904065356835087
1.091834630260254
-4.867579545143488
-18.82689123390647
-8.427045702868856
-10.61647631790809
-16.68277151510514
-12.94013512546382
-12.15631393450578
-4.939875851821492
3.252702937777854
5.011003232495755
2.604065356835076
-5.008165369739713
-7.567579545143476
-17.82689123390647
-17.82704570286886
-12.91647631790808
-9.282771515105132
-14.34013512546383
-10.35631393450577
-2.339875851821469
2.35270293777782
5.511003232495755
5.204065356835041
0.5918346302602537
-9.967579545143483
-12.62689123390645
-16.12704570286884
-8.416476317908078
-13.48277151510512
-9.440135125463822
-13.35631393450577
-4.139875851821481
2.35270293777782
5.811003232495709
2.804065356835064
-1.908165369739746
-12.86757954514349
-17.62689123390645
-8.727045702868839
-8.816476317908084
-17.98277151510512
-19.34013512546383
-11.65631393450578
-2.539875851821458
0.4527029377778429
5.911003232495732
5.104065356835076
4.991834630260287
-9.367579545143489
-14.92689123390646
-11.12704570286884
-3.716476317908089
-14.78277151510513
-5.440135125463822
-8.056313934505786
0.9601241481785423
2.252702937777854
5.711003232495743
3.604065356835076
0.7918346302602992
-10.36757954514349
-4.92689123390646
-11.62704570286884
-15.91647631790808
-14.98277151510512
-14.44013512546382
-12.15631393450578
-5.739875851821447
0.9527029377778429
5.511003232495755
2.904065356835087
-7.108165369739735
-9.567579545143477
-10.12689123390645
-13.12704570286884
-12.5164763179081
-9.082771515105144
-9.540135125463845
-13.95631393450579
-5.239875851821447
2.35270293777782
5.411003232495732
1.704065356835041
1.491834630260288
-8.667579545143472
-18.12689123390645
-20.12704570286884
-16.21647631790809
-16.28277151510513
-3.840135125463828
-4.956313934505792
-1.039875851821458
0.9527029377778429
5.411003232495732
3.604065356835076
0.9918346302602878
-3.567579545143476
-15.52689123390645
-12.92704570286886
-13.61647631790809
-15.58277151510514
-10.04013512546384
-8.356313934505769
-4.83987585182147
2.152702937777832
5.311003232495709
4.904065356835087
-1.108165369739735
-13.96757954514348
-17.52689123390645
-19.32704570286886
-14.0164763179081
-15.38277151510513
-17.94013512546382
-9.456313934505792
-3.63987585182148
2.952702937777843
5.411003232495732
4.104065356835076
-3.408165369739746
-11.56757954514348
-11.52689123390645
-10.62704570286884
-13.91647631790808
-15.18277151510514
-9.540135125463845
-7.356313934505769
-4.139875851821481
2.452702937777843
5.111003232495721
4.004065356835053
-1.008165369739712
-6.867579545143488
-18.12689123390645
-13.92704570286886
-9.216476317908089
-15.68277151510514
-8.440135125463822
-4.256313934505803
-4.039875851821458
2.652702937777832
5.211003232495743
3.004065356835053
-3.908165369739746
-13.76757954514347
-15.02689123390645
-13.72704570286884
-16.41647631790808
-16.38277151510513
-17.24013512546383
-11.85631393450577
-6.33987585182147
-0.4472970622221912
5.411003232495732
3.804065356835064
-6.408165369739747
-8.467579545143483
-15.32689123390647
-15.22704570286884
-14.21647631790809
-16.58277151510514
-17.64013512546384
-3.456313934505792
-2.839875851821469
1.952702937777843
5.411003232495732
3.904065356835087
-3.108165369739735
-12.86757954514349
-12.32689123390647
-9.427045702868856
-18.71647631790809
-11.68277151510514
-12.34013512546383
-9.856313934505769
-5.039875851821458
1.152702937777832
5.311003232495709
1.604065356835076
-2.508165369739712
-10.86757954514349
-20.02689123390645
-17.92704570286886
-11.81647631790808
-17.88277151510513
-10.84013512546383
-8.056313934505786
-2.939875851821492
2.052702937777809
5.511003232495755
3.804065356835064
1.291834630260299
-8.767579545143466
-9.92689123390646
-5.427045702868856
-13.0164763179081
-15.78277151510513
-6.740135125463834
-11.95631393450579
-3.539875851821458
2.752702937777854
5.311003232495709
2.404065356835087
-2.808165369739724
-13.76757954514347
-20.42689123390646
-15.12704570286884
-12.61647631790809
-14.38277151510513
-14.64013512546384
-5.15631393450578
-4.539875851821458
2.85270293777782
5.711003232495743
5.804065356835064
2.591834630260254
-9.567579545143477
-13.42689123390646
-17.12704570286884
-11.0164763179081
-13.48277151510512
-13.64013512546384
-9.15631393450578
-4.139875851821481
1.35270293777782
4.711003232495743
0.5040653568350528
-1.408165369739746
-2.667579545143499
-13.32689123390647
-13.42704570286886
-13.81647631790808
-18.78277151510513
-21.44013512546382
-4.456313934505792
-4.039875851821458
1.752702937777854
5.311003232495709
4.404065356835087
-1.508165369739712
-10.06757954514348
-23.42689123390646
-13.02704570286885
-13.71647631790809
-12.48277151510512
-11.24013512546383
-15.45631393450579
-7.139875851821481
0.9527029377778429
5.711003232495743
4.204065356835041
2.591834630260254
-4.667579545143499
-18.82689123390647
-16.62704570286884
-20.71647631790809
-18.38277151510513
-15.74013512546383
-10.35631393450577
-3.339875851821469
1.452702937777843
4.711003232495743
4.604065356835076
4.891834630260265
-10.36757954514349
-19.92689123390646
-23.32704570286886
-17.31647631790808
-13.98277151510512
-8.140135125463839
-12.95631393450579
-7.039875851821458
2.452702937777843
5.411003232495732
4.104065356835076
-4.708165369739701
-13.76757954514347
-15.42689123390646
-7.227045702868839
-12.71647631790809
-15.88277151510513
-10.04013512546384
-9.956313934505792
-1.439875851821492
1.35270293777782
5.611003232495721
3.304065356835064
1.191834630260276
-12.36757954514349
-15.62689123390645
-17.42704570286886
-16.31647631790808
-19.48277151510512
-8.540135125463845
-1.65631393450578
0.4601241481785423
3.152702937777832
6.111003232495721
2.504065356835053
-7.008165369739713
-14.46757954514348
-19.02689123390645
-19.92704570286886
-16.0164763179081
-16.18277151510514
-13.84013512546383
-13.45631393450579
-6.739875851821447
1.052702937777809
5.511003232495755
2.504065356835053
-1.108165369739735
-14.16757954514347
-11.42689123390646
-11.82704570286886
-4.616476317908095
-6.982771515105121
-13.24013512546383
-1.256313934505803
-2.839875851821469
1.752702937777854
5.511003232495755
3.204065356835041
-2.408165369739746
-12.06757954514348
-17.52689123390645
-19.52704570286885
-13.81647631790808
-14.38277151510513
-9.740135125463834
-18.35631393450577
-2.839875851821469
2.752702937777854
5.511003232495755
3.604065356835076
-1.608165369739735
-8.967579545143483
-12.02689123390645
-11.22704570286884
-10.71647631790809
-16.58277151510514
-9.340135125463828
-10.35631393450577
-2.739875851821446
2.752702937777854
4.611003232495721
5.304065356835064
2.691834630260276
-5.367579545143488
-14.12689123390645
-9.927045702868856
-9.116476317908095
-15.88277151510513
-14.64013512546384
-5.65631393450578
-2.539875851821458
1.952702937777843
5.411003232495732
3.404065356835087
-3.108165369739735
-4.467579545143454
-18.02689123390645
-17.62704570286884
-18.61647631790809
-16.88277151510513
-20.24013512546383
-19.45631393450579
-3.939875851821492
0.6527029377778315
5.611003232495721
1.604065356835076
0.09183463026025374
-12.66757954514347
-17.82689123390647
-19.22704570286884
-8.516476317908101
-13.08277151510514
-16.74013512546383
-11.65631393450578
-5.639875851821481
2.652702937777832
4.711003232495743
2.604065356835076
-6.108165369739735
-11.66757954514347
-14.92689123390646
-16.42704570286886
-9.516476317908101
-14.48277151510512
-12.84013512546383
-9.956313934505792
-3.239875851821446
0.9527029377778429
5.311003232495709
4.404065356835087
0.9918346302602878
-13.76757954514347
-15.22689123390647
-16.72704570286884
-15.21647631790809
-18.68277151510514
-15.94013512546382
-13.05631393450579
-1.63987585182148
1.85270293777782
5.611003232495721
3.304065356835064
-3.808165369739724
-10.46757954514348
-10.52689123390645
-12.12704570286884
-7.116476317908095
-5.382771515105127
-17.54013512546384
-9.756313934505775
-2.839875851821469
3.152702937777832
5.711003232495743
4.304065356835064
0.7918346302602992
-2.467579545143454
-12.22689123390647
-21.92704570286886
-17.41647631790808
-16.58277151510514
-12.34013512546383
-14.25631393450577
-2.13987585182148
1.452702937777843
5.511003232495755
2.004065356835053
-2.108165369739735
-5.667579545143471
-11.72689123390647
-16.22704570286884
-11.91647631790808
-10.88277151510513
-7.340135125463828
-9.456313934505792
-0.3398758518214691
2.152702937777832
4.511003232495755
3.004065356835053
-2.208165369739701
-11.16757954514347
-15.12689123390645
-5.927045702868856
-17.91647631790808
-16.38277151510513
-18.34013512546383
-12.85631393450577
-2.439875851821492
1.452702937777843
5.411003232495732
1.104065356835076
-0.7081653697397008
-11.16757954514347
-14.62689123390645
-15.12704570286884
-11.21647631790809
-16.48277151510512
-14.34013512546383
-6.456313934505792
-6.239875851821447
1.85270293777782
6.111003232495721
4.604065356835076
-3.308165369739724
-4.367579545143488
-11.82689123390647
-14.12704570286884
-13.0164763179081
-19.78277151510513
-16.04013512546384
-8.65631393450578
-4.139875851821481
2.052702937777809
4.211003232495743
2.704065356835041
-0.5081653697397122
1.432420454856524
-5.826891233906466
-13.32704570286886
-14.61647631790809
-16.38277151510513
-12.64013512546384
-5.056313934505758
-3.63987585182148
3.452702937777843
5.411003232495732
5.504065356835053
-0.4081653697397463
-4.467579545143454
-11.62689123390645
-17.82704570286886
-15.5164763179081
-14.08277151510514
-9.640135125463839
-6.956313934505792
-3.339875851821469
2.452702937777843
6.511003232495755
5.404065356835087
2.691834630260276
-10.46757954514348
-4.026891233906483
-10.52704570286885
-5.116476317908095
-10.98277151510512
-13.54013512546384
-6.556313934505786
-0.9398758518214918
2.552702937777809
5.111003232495721
3.404065356835087
4.691834630260276
-6.867579545143488
-12.32689123390647
-15.02704570286885
-16.71647631790809
-19.48277151510512
-15.94013512546382
-9.456313934505792
2.36012414817852
2.152702937777832
4.611003232495721
3.304065356835064
-5.208165369739701
-6.967579545143482
-15.02689123390645
-13.12704570286884
-15.11647631790809
-0.7827715151051322
-17.64013512546384
-14.85631393450577
-4.539875851821458
2.252702937777854
6.311003232495709
3.404065356835087
-3.008165369739712
-10.26757954514347
-12.32689123390647
-22.72704570286884
-16.5164763179081
-14.58277151510514
-18.04013512546384
-10.25631393450577
-3.039875851821458
1.952702937777843
5.211003232495743
4.904065356835087
-0.3081653697397235
-7.267579545143465
-16.62689123390645
-15.32704570286886
-4.416476317908078
-5.782771515105132
-9.540135125463845
-8.15631393450578
-4.139875851821481
1.652702937777832
5.511003232495755
3.304065356835064
-2.308165369739724
-11.46757954514348
-16.42689123390646
-18.82704570286886
-13.81647631790808
-13.48277151510512
-5.540135125463845
-3.756313934505803
-3.239875851821446
0.7527029377778542
5.511003232495755
3.704065356835041
5.091834630260253
-7.967579545143482
-11.42689123390646
-8.627045702868845
-9.116476317908095
-8.582771515105144
-18.34013512546383
-8.556313934505786
-1.039875851821458
2.552702937777809
5.611003232495721
4.104065356835076
-1.908165369739746
-2.367579545143488
-14.12689123390645
-16.52704570286885
-11.31647631790808
-19.08277151510514
-13.34013512546383
-7.956313934505792
-2.039875851821458
2.85270293777782
4.811003232495709
4.604065356835076
1.191834630260276
-8.167579545143472
-19.12689123390645
-11.42704570286886
-11.5164763179081
-11.08277151510514
-13.34013512546383
-12.85631393450577
-3.439875851821492
1.85270293777782
4.511003232495755
3.604065356835076
-3.408165369739746
-12.06757954514348
-13.32689123390647
-13.22704570286884
-1.616476317908095
-12.98277151510512
-16.34013512546383
-8.256313934505775
-4.33987585182147
1.452702937777843
5.211003232495743
3.404065356835087
0.6918346302602765
-1.067579545143476
-16.72689123390647
-14.42704570286886
-11.31647631790808
-15.88277151510513
-11.54013512546384
-9.356313934505769
1.36012414817852
1.552702937777809
4.811003232495709
3.304065356835064
1.391834630260265
-6.567579545143476
-12.22689123390647
-14.42704570286886
-13.11647631790809
-16.68277151510514
-14.64013512546384
-10.25631393450577
-3.239875851821446
1.752702937777854
5.211003232495743
4.804065356835064
3.891834630260265
-8.067579545143477
-21.42689123390646
-19.32704570286886
-9.516476317908101
-13.18277151510514
-10.64013512546384
-10.25631393450577
-1.739875851821446
3.452702937777843
5.211003232495743
4.304065356835064
-0.8081653697397235
-12.86757954514349
-19.62689123390645
-23.42704570286886
-16.11647631790809
-15.68277151510514
-9.740135125463834
-8.956313934505792
-2.63987585182148
2.752702937777854
5.611003232495721
4.904065356835087
4.591834630260253
-10.86757954514349
-14.82689123390647
-17.72704570286884
-5.716476317908089
-17.08277151510514
-11.44013512546382
-5.15631393450578
-2.939875851821492
3.35270293777782
4.911003232495732
4.504065356835053
2.591834630260254
-12.36757954514349
-12.92689123390646
-6.827045702868862
-6.316476317908084
-15.58277151510514
-7.940135125463822
-7.65631393450578
-3.13987585182148
1.652702937777832
5.511003232495755
1.904065356835087
-5.608165369739735
-10.46757954514348
-16.62689123390645
-13.82704570286886
-11.21647631790809
-13.18277151510514
-9.940135125463822
-8.956313934505792
-1.63987585182148
2.452702937777843
5.411003232495732
3.504065356835053
-7.008165369739713
-10.96757954514348
-13.02689123390645
-15.12704570286884
-18.61647631790809
-21.08277151510514
-5.540135125463845
-12.15631393450578
-2.039875851821458
2.85270293777782
5.111003232495721
4.104065356835076
-1.808165369739724
-11.36757954514349
-7.726891233906471
-9.927045702868856
-10.0164763179081
-10.08277151510514
-10.14013512546384
-6.956313934505792
-4.33987585182147
1.652702937777832
5.711003232495743
2.604065356835076
-0.3081653697397235
-10.36757954514349
-4.826891233906437
-10.42704570286886
-18.31647631790808
-9.682771515105138
-18.74013512546383
-7.756313934505775
-4.939875851821492
1.85270293777782
5.711003232495743
3.404065356835087
-1.308165369739724
-11.86757954514349
-12.52689123390645
-15.92704570286886
-15.5164763179081
-6.982771515105121
-16.74013512546383
-7.956313934505792
-1.739875851821446
1.652702937777832
5.511003232495755
4.104065356835076
-2.108165369739735
-8.967579545143483
-18.72689123390647
-17.22704570286884
-5.016476317908101
-15.98277151510512
-13.04013512546384
-7.456313934505792
-4.83987585182147
2.452702937777843
5.011003232495755
2.604065356835076
-0.2081653697397008
-9.167579545143472
-16.02689123390645
-5.627045702868845
-13.31647631790808
-17.18277151510514
-16.04013512546384
-13.45631393450579
-1.039875851821458
2.252702937777854
5.111003232495721
2.704065356835041
-4.408165369739747
-10.86757954514349
-13.62689123390645
-13.22704570286884
-7.916476317908078
-16.88277151510513
-16.74013512546383
-11.15631393450578
-2.839875851821469
2.952702937777843
5.211003232495743
4.604065356835076
-1.408165369739746
-6.867579545143488
-17.02689123390645
-15.82704570286886
-15.91647631790808
-15.18277151510514
-11.04013512546384
-7.956313934505792
-3.939875851821492
2.052702937777809
5.111003232495721
2.604065356835076
1.091834630260254
-9.367579545143489
-16.52689123390645
-6.52704570286885
-13.41647631790808
-0.08277151510514358
-10.64013512546384
-11.05631393450579
-3.439875851821492
2.652702937777832
6.211003232495743
3.804065356835064
3.091834630260254
-4.467579545143454
-12.22689123390647
-11.62704570286884
-7.116476317908095
-13.98277151510512
-14.64013512546384
-10.75631393450577
-6.639875851821481
2.952702937777843
5.011003232495755
3.904065356835087
0.9918346302602878
-4.067579545143476
-7.626891233906449
-11.32704570286886
-10.11647631790809
-12.88277151510513
-18.14013512546384
-6.856313934505769
-3.13987585182148
2.952702937777843
6.111003232495721
4.904065356835087
-1.908165369739746
-9.967579545143483
-13.32689123390647
-12.32704570286886
-14.0164763179081
-10.18277151510514
-15.74013512546383
-10.45631393450579
-6.239875851821447
0.8527029377778201
5.911003232495732
5.104065356835076
0.3918346302602651
-3.067579545143476
-2.626891233906449
-9.427045702868856
-17.31647631790808
-10.68277151510514
-15.14013512546384
-10.75631393450577
-2.939875851821492
2.152702937777832
6.511003232495755
6.304065356835064
2.791834630260299
-8.367579545143489
-15.92689123390646
-13.72704570286884
-12.81647631790808
-15.98277151510512
-12.34013512546383
-11.45631393450579
-3.239875851821446
1.35270293777782
6.311003232495709
4.804065356835064
3.491834630260288
-8.567579545143477
-12.82689123390647
-12.92704570286886
-9.616476317908095
-15.18277151510514
-10.74013512546383
-9.15631393450578
-3.63987585182148
3.152702937777832
7.011003232495755
3.404065356835087
-0.9081653697397463
-6.767579545143465
-6.42689123390646
-10.62704570286884
-11.41647631790808
-15.28277151510513
-3.940135125463822
-9.756313934505775
-1.839875851821469
2.952702937777843
6.111003232495721
4.504065356835053
2.291834630260299
-0.8675795451434878
-14.02689123390645
-14.12704570286884
-3.816476317908084
-5.782771515105132
-12.24013512546383
-13.35631393450577
1.060124148178508
3.35270293777782
5.811003232495709
4.604065356835076
-1.408165369739746
-3.867579545143488
-14.22689123390647
-15.52704570286885
-6.016476317908101
-14.28277151510513
-4.640135125463839
-11.15631393450578
-2.939875851821492
3.152702937777832
6.611003232495721
6.204065356835041
0.5918346302602537
-7.967579545143482
-11.62689123390645
-16.82704570286886
-9.816476317908084
-3.282771515105132
-10.44013512546382
0.1436860654942311
0.3601241481785196
2.952702937777843
5.211003232495743
4.704065356835041
1.591834630260254
-6.167579545143471
-5.726891233906471
-3.327045702868862
-3.916476317908078
-8.682771515105138
-10.54013512546384
-7.756313934505775
-0.8398758518214691
3.152702937777832
6.211003232495743
5.404065356835087
1.991834630260288
-1.767579545143465
-15.82689123390647
-11.82704570286886
-11.91647631790808
-11.18277151510514
-14.74013512546383
-8.056313934505786
-3.339875851821469
2.35270293777782
5.411003232495732
3.504065356835053
-3.008165369739712
-8.867579545143489
-12.72689123390647
-13.82704570286886
-16.31647631790808
-12.98277151510512
-13.34013512546383
-8.756313934505775
-5.33987585182147
3.35270293777782
6.211003232495743
4.104065356835076
2.491834630260288
-0.5675795451434764
-9.126891233906449
-14.42704570286886
-10.31647631790808
-8.182771515105138
-14.64013512546384
-12.95631393450579
-2.339875851821469
1.85270293777782
5.211003232495743
3.304065356835064
0.09183463026025374
-8.767579545143466
-10.62689123390645
-9.927045702868856
-6.516476317908101
-14.18277151510514
-10.34013512546383
-1.65631393450578
3.160124148178531
2.85270293777782
5.911003232495732
5.704065356835041
4.591834630260253
-5.067579545143476
-12.72689123390647
-11.62704570286884
-3.716476317908089
-6.682771515105138
-18.44013512546382
-11.75631393450577
-1.63987585182148
4.152702937777832
7.711003232495743
4.804065356835064
2.591834630260254
-5.767579545143465
2.173108766093563
-7.827045702868862
-5.416476317908078
-11.98277151510512
-15.74013512546383
-11.05631393450579
-4.139875851821481
3.452702937777843
5.811003232495709
4.004065356835053
-0.4081653697397463
-1.667579545143499
-5.126891233906449
-9.427045702868856
-8.316476317908084
-12.08277151510514
-14.84013512546383
-4.15631393450578
-1.13987585182148
3.652702937777832
5.011003232495755
3.204065356835041
2.791834630260299
-2.967579545143454
-12.82689123390647
-10.62704570286884
-11.81647631790808
-16.38277151510513
-21.04013512546384
-11.45631393450579
-4.539875851821458
2.652702937777832
6.311003232495709
4.704065356835041
2.491834630260288
-3.567579545143476
-7.226891233906471
-9.127045702868845
-10.0164763179081
-10.68277151510514
-9.540135125463845
-10.25631393450577
-0.6398758518214804
2.552702937777809
5.211003232495743
7.104065356835076
1.291834630260299
-0.3675795451434878
-10.62689123390645
-10.52704570286885
-4.516476317908101
-8.182771515105138
-8.940135125463822
-9.456313934505792
0.3601241481785196
3.052702937777809
6.611003232495721
5.404065356835087
5.691834630260276
-6.367579545143488
-8.726891233906471
-11.82704570286886
-15.61647631790809
-15.18277151510514
-13.04013512546384
-2.056313934505758
-2.739875851821446
2.652702937777832
5.411003232495732
4.604065356835076
1.391834630260265
-0.1675795451434992
-8.42689123390646
-14.72704570286884
-8.916476317908078
-14.88277151510513
-18.74013512546383
-6.956313934505792
-0.2398758518214463
3.552702937777809
6.411003232495732
5.304065356835064
6.391834630260265
1.632420454856512
-5.326891233906437
-14.02704570286885
-9.616476317908095
-14.38277151510513
-7.240135125463834
-7.256313934505775
-1.039875851821458
2.452702937777843
5.511003232495755
5.904065356835087
2.891834630260265
-6.867579545143488
-12.02689123390645
-16.62704570286884
-6.916476317908078
-4.782771515105132
-17.04013512546384
-8.256313934505775
2.460124148178542
2.052702937777809
4.911003232495732
6.104065356835076
6.091834630260253
-0.06757954514347642
-2.92689123390646
-3.627045702868845
-4.416476317908078
-6.982771515105121
-15.84013512546383
-1.056313934505758
0.4601241481785423
2.35270293777782
6.211003232495743
4.804065356835064
2.991834630260288
-8.667579545143472
-1.026891233906483
2.872954297131127
-8.316476317908084
-12.38277151510513
-4.840135125463828
-5.456313934505792
-0.7398758518214463
2.752702937777854
5.211003232495743
6.104065356835076
2.791834630260299
0.3324204548565008
-7.42689123390646
-9.02704570286885
-2.016476317908101
-7.082771515105144
-2.240135125463834
-5.256313934505775
-2.539875851821458
3.652702937777832
7.211003232495743
4.604065356835076
3.391834630260265
4.132420454856512
-3.42689123390646
-17.92704570286886
-5.316476317908084
0.9172284848948564
-3.340135125463828
-4.056313934505758
0.9601241481785423
4.952702937777843
7.711003232495743
6.804065356835064
9.491834630260287
0.8324204548565008
-6.626891233906449
-7.627045702868845
-2.816476317908084
-9.682771515105138
-7.240135125463834
-7.256313934505775
1.060124148178508
3.35270293777782
6.711003232495743
5.404065356835087
5.591834630260253
4.832420454856501
-5.326891233906437
-12.72704570286884
-12.61647631790809
-14.68277151510514
-11.24013512546383
-8.256313934505775
0.5601241481785082
4.252702937777855
6.211003232495743
5.604065356835076
6.791834630260299
-6.167579545143471
-8.626891233906449
0.3729542971311268
-2.816476317908084
-15.38277151510513
-14.04013512546384
-6.456313934505792
2.060124148178508
3.252702937777854
5.211003232495743
5.704065356835041
4.991834630260287
-2.467579545143454
-4.42689123390646
-15.32704570286886
1.983523682091899
-13.08277151510514
-12.84013512546383
-6.556313934505786
-0.4398758518214918
2.452702937777843
6.111003232495721
6.504065356835053
5.391834630260265
-5.167579545143499
-15.42689123390646
-17.02704570286885
-9.316476317908084
-12.08277151510514
-12.04013512546384
-0.6563139345057802
0.5601241481785082
4.352702937777821
7.211003232495743
5.604065356835076
4.291834630260299
0.732420454856535
1.873108766093551
-13.82704570286886
-6.916476317908078
-15.28277151510513
-9.240135125463834
-7.956313934505792
-1.13987585182148
3.552702937777809
7.711003232495743
5.504065356835053
4.491834630260287
0.9324204548565236
-10.82689123390647
-5.227045702868839
-8.516476317908101
-11.28277151510513
-1.840135125463856
0.04368606549420839
3.460124148178542
2.85270293777782
7.211003232495743
6.904065356835087
6.391834630260265
-4.167579545143499
-8.726891233906471
-13.82704570286886
-3.016476317908101
-3.582771515105144
-11.74013512546383
-9.65631393450578
-0.5398758518214577
2.952702937777843
5.711003232495743
6.104065356835076
1.991834630260288
4.232420454856535
-2.026891233906483
-7.427045702868856
-11.0164763179081
-13.78277151510513
-5.940135125463822
-3.356313934505769
-0.4398758518214918
3.35270293777782
6.311003232495709
5.804065356835064
2.991834630260288
-4.767579545143465
-13.02689123390645
-15.52704570286885
-6.016476317908101
-8.182771515105138
-7.040135125463845
2.243686065494197
1.460124148178542
3.152702937777832
6.211003232495743
4.204065356835041
1.991834630260288
0.3324204548565008
-2.42689123390646
-2.827045702868862
-3.716476317908089
-7.482771515105121
-2.540135125463845
-5.956313934505792
1.460124148178542
2.552702937777809
7.111003232495721
7.304065356835064
7.091834630260253
0.732420454856535
-3.826891233906437
-1.127045702868873
0.9835236820918993
-1.182771515105138
-12.54013512546384
-4.056313934505758
-0.1398758518214804
3.252702937777854
7.111003232495721
6.204065356835041
7.491834630260287
0.4324204548565236
-8.92689123390646
-10.92704570286886
-5.716476317908089
8.117228484894845
-6.540135125463845
-6.056313934505786
-0.9398758518214918
3.552702937777809
6.811003232495709
5.904065356835087
8.291834630260299
3.132420454856512
-11.32689123390647
-11.92704570286886
-7.116476317908095
0.6172284848948451
-8.240135125463834
-2.15631393450578
1.160124148178531
3.952702937777843
7.711003232495743
6.104065356835076
6.091834630260253
-0.9675795451434537
1.973108766093517
-5.127045702868845
-10.61647631790809
-10.98277151510512
-6.940135125463822
-4.756313934505803
2.060124148178508
3.052702937777809
7.811003232495709
8.204065356835041
10.19183463026028
5.932420454856524
-7.92689123390646
-7.02704570286885
7.283523682091911
-9.182771515105138
-3.640135125463839
-0.8563139345057689
1.060124148178508
3.35270293777782
7.111003232495721
7.604065356835076
6.891834630260265
-1.767579545143465
-7.326891233906466
-6.02704570286885
-14.11647631790809
-5.182771515105138
-6.740135125463834
4.34368606549422
3.960124148178542
4.952702937777843
7.911003232495732
8.204065356835041
8.891834630260265
1.832420454856501
-4.326891233906437
-5.227045702868839
-10.5164763179081
-8.782771515105132
-8.440135125463822
-1.056313934505758
2.060124148178508
3.052702937777809
6.711003232495743
7.704065356835041
8.891834630260265
8.932420454856523
1.57310876609354
-8.927045702868856
-5.216476317908089
-5.082771515105144
1.859864874536189
-2.65631393450578
3.960124148178542
4.752702937777855
8.111003232495721
7.304065356835064
8.191834630260276
-0.4675795451434537
0.1731087660935628
-3.227045702868839
5.883523682091933
3.117228484894845
0.9598648745361551
-4.256313934505803
1.660124148178531
3.952702937777843
8.011003232495755
8.004065356835053
8.691834630260276
4.932420454856524
1.373108766093551
-1.827045702868862
-1.816476317908084
-10.48277151510512
-4.140135125463839
1.443686065494242
0.8601241481785196
2.952702937777843
6.611003232495721
7.304065356835064
9.391834630260265
8.632420454856511
1.07310876609354
-3.427045702868856
-3.816476317908084
1.117228484894845
-4.740135125463834
-0.8563139345057689
3.060124148178508
4.252702937777855
7.511003232495755
7.504065356835053
6.791834630260299
3.032420454856546
-0.8268912339064372
-3.427045702868856
-5.616476317908095
0.6172284848948451
-6.240135125463834
-6.65631393450578
4.060124148178508
5.852702937777821
8.311003232495709
8.604065356835076
8.391834630260265
6.832420454856501
5.07310876609354
-6.627045702868845
-11.31647631790808
2.217228484894868
-0.4401351254638222
-1.856313934505769
1.960124148178542
5.752702937777855
7.811003232495709
7.604065356835076
7.691834630260276
3.632420454856512
-5.226891233906471
0.1729542971311382
-2.816476317908084
-11.08277151510514
-3.440135125463822
-0.3563139345057689
1.760124148178554
4.052702937777809
7.311003232495709
7.704065356835041
7.391834630260265
-0.5675795451434764
-2.126891233906449
-2.02704570286885
-3.316476317908084
0.4172284848948564
0.1598648745361437
3.143686065494231
2.760124148178554
4.252702937777855
8.111003232495721
7.904065356835087
8.191834630260276
8.132420454856511
5.773108766093529
0.0729542971311723
2.383523682091933
4.917228484894856
-4.040135125463845
-0.6563139345057802
3.86012414817852
3.752702937777854
7.811003232495709
7.204065356835041
8.491834630260287
6.432420454856524
-3.026891233906483
4.572954297131172
4.683523682091888
-0.7827715151051322
1.359864874536189
-2.056313934505758
2.86012414817852
3.752702937777854
7.511003232495755
6.804065356835064
9.691834630260276
5.432420454856524
2.873108766093551
1.572954297131172
-0.9164763179080779
-6.282771515105132
-3.340135125463828
-3.356313934505769
4.060124148178508
5.952702937777843
8.111003232495721
8.204065356835041
7.391834630260265
6.932420454856524
5.57310876609354
-0.9270457028688277
5.483523682091899
-0.1827715151051095
-8.340135125463828
-4.256313934505803
2.760124148178554
5.652702937777832
7.811003232495709
6.704065356835041
4.991834630260287
5.132420454856512
-1.326891233906437
5.072954297131172
4.083523682091922
0.6172284848948451
-4.940135125463822
-1.15631393450578
2.460124148178542
5.052702937777809
8.511003232495755
8.204065356835041
9.391834630260265
2.832420454856501
-0.4268912339064599
-1.327045702868862
5.083523682091922
3.217228484894868
-5.840135125463828
-2.456313934505792
2.960124148178542
4.952702937777843
7.811003232495709
8.004065356835053
8.491834630260287
4.232420454856535
-1.326891233906437
4.872954297131127
6.883523682091933
-2.382771515105127
-0.3401351254638563
5.543686065494208
3.960124148178542
5.152702937777832
7.611003232495721
7.704065356835041
9.391834630260265
7.832420454856501
9.57310876609354
7.272954297131161
-1.216476317908089
5.417228484894856
-5.540135125463845
-0.5563139345057575
1.36012414817852
5.052702937777809
7.811003232495709
8.504065356835053
8.391834630260265
6.532420454856546
2.373108766093551
2.172954297131138
1.483523682091899
2.817228484894891
0.7598648745361665
-4.15631393450578
3.160124148178531
4.452702937777843
8.211003232495743
8.404065356835087
7.691834630260276
5.432420454856524
2.673108766093563
5.172954297131138
6.283523682091911
5.417228484894856
-4.140135125463839
-2.65631393450578
2.36012414817852
3.85270293777782
8.111003232495721
8.604065356835076
8.691834630260276
4.032420454856546
6.273108766093529
6.672954297131138
7.483523682091899
4.817228484894891
4.659864874536144
5.643686065494231
2.960124148178542
5.252702937777855
8.511003232495755
7.504065356835053
9.691834630260276
9.132420454856511
6.373108766093551
1.272954297131161
10.88352368209193
2.217228484894868
4.859864874536189
-2.15631393450578
4.760124148178553
5.552702937777809
8.511003232495755
8.204065356835041
9.291834630260299
6.532420454856546
1.973108766093517
0.3729542971311268
1.883523682091933
-4.882771515105127
2.859864874536189
-1.356313934505769
4.260124148178553
5.652702937777832
8.611003232495721
8.304065356835064
7.491834630260287
4.232420454856535
3.173108766093563
4.97295429713115
8.483523682091899
5.817228484894891
-4.240135125463834
0.04368606549420839
3.960124148178542
4.652702937777832
8.511003232495755
8.204065356835041
8.991834630260287
5.932420454856524
9.173108766093563
4.97295429713115
7.483523682091899
1.217228484894868
3.059864874536178
2.84368606549422
4.760124148178553
6.752702937777855
8.011003232495755
8.504065356835053
9.091834630260253
6.732420454856535
4.273108766093529
-0.7270457028688391
-1.616476317908095
4.717228484894868
1.859864874536189
2.043686065494208
2.960124148178542
5.652702937777832
7.811003232495709
8.304065356835064
8.691834630260276
6.932420454856524
2.07310876609354
2.172954297131138
0.9835236820918993
4.617228484894845
-4.740135125463834
2.943686065494242
4.360124148178519
4.752702937777855
7.711003232495743
8.004065356835053
8.991834630260287
9.532420454856545
8.07310876609354
6.872954297131127
0.883523682091905
4.117228484894845
2.759864874536166
3.443686065494242
3.960124148178542
5.952702937777843
8.511003232495755
7.404065356835087
9.291834630260299
3.232420454856535
4.273108766093529
-1.627045702868873
10.38352368209193
6.717228484894868
2.159864874536144
-4.856313934505769
2.960124148178542
5.452702937777843
8.311003232495709
8.904065356835087
8.691834630260276
4.232420454856535
1.373108766093551
-6.327045702868862
4.383523682091933
-0.4827715151051208
2.459864874536155
5.043686065494208
2.560124148178508
6.752702937777855
9.311003232495709
8.304065356835064
9.191834630260276
6.232420454856535
0.9731087660935174
4.272954297131161
0.383523682091905
0.1172284848948451
5.559864874536178
-3.356313934505769
1.86012414817852
5.352702937777821
8.511003232495755
8.304065356835064
7.991834630260287
5.532420454856546
3.973108766093517
2.672954297131138
7.383523682091933
-0.6827715151051379
-3.540135125463845
-3.256313934505803
3.160124148178531
4.252702937777855
8.111003232495721
7.804065356835064
7.091834630260253
7.132420454856512
-2.726891233906471
1.072954297131172
4.783523682091911
-0.08277151510514358
-4.140135125463839
-5.15631393450578
3.960124148178542
4.952702937777843
8.711003232495743
8.404065356835087
10.39183463026026
8.732420454856534
5.673108766093563
5.172954297131138
6.683523682091888
-3.682771515105138
-4.740135125463834
4.943686065494242
4.16012414817853
5.752702937777855
8.611003232495721
9.104065356835076
9.491834630260287
7.332420454856501
3.673108766093563
5.97295429713115
10.58352368209192
-0.3827715151051265
-4.440135125463822
-2.756313934505803
5.360124148178519
5.252702937777855
8.411003232495732
9.004065356835053
7.091834630260253
3.332420454856501
1.373108766093551
6.672954297131138
6.183523682091888
-2.982771515105121
6.359864874536189
-1.356313934505769
5.360124148178519
5.152702937777832
8.411003232495732
8.104065356835076
9.291834630260299
6.332420454856501
-1.526891233906483
-0.9270457028688277
1.183523682091916
4.017228484894879
0.8598648745361892
3.84368606549422
6.060124148178508
6.652702937777832
8.211003232495743
8.404065356835087
10.99183463026029
8.532420454856545
4.57310876609354
3.672954297131138
11.68352368209189
4.217228484894868
3.359864874536189
4.643686065494231
5.16012414817853
6.352702937777821
8.811003232495709
8.704065356835041
9.291834630260299
8.532420454856545
4.473108766093517
8.872954297131127
9.483523682091899
4.917228484894856
4.559864874536178
4.643686065494231
4.16012414817853
6.552702937777809
8.511003232495755
8.504065356835053
11.2918346302603
8.732420454856534
6.373108766093551
5.272954297131161
9.483523682091899
7.117228484894845
1.459864874536155
1.34368606549422
6.16012414817853
6.352702937777821
8.711003232495743
9.204065356835041
9.091834630260253
6.232420454856535
3.973108766093517
5.072954297131172
0.6835236820919164
-0.9827715151051208
-1.840135125463856
-2.956313934505792
1.460124148178542
4.752702937777855
9.011003232495755
8.804065356835064
9.991834630260287
7.032420454856546
5.273108766093529
-0.7270457028688391
4.983523682091899
0.7172284848948678
-4.040135125463845
-5.256313934505775
-0.0398758518214577
4.452702937777843
7.911003232495732
8.604065356835076
10.19183463026028
3.632420454856512
1.873108766093551
-1.827045702868862
4.683523682091888
0.1172284848948451
-4.240135125463834
-4.756313934505803
1.160124148178531
5.652702937777832
8.811003232495709
8.504065356835053
9.391834630260265
6.032420454856546
2.57310876609354
0.9729542971311496
0.5835236820919221
-4.782771515105132
-6.340135125463828
-2.456313934505792
5.66012414817853
5.152702937777832
8.811003232495709
8.904065356835087
9.691834630260276
9.432420454856523
5.473108766093517
1.672954297131138
8.883523682091933
2.717228484894868
-3.340135125463828
5.34368606549422
4.66012414817853
6.352702937777821
8.711003232495743
8.504065356835053
10.49183463026029
6.432420454856524
6.773108766093529
5.97295429713115
1.783523682091911
-1.482771515105121
2.559864874536178
4.84368606549422
4.860124148178519
6.652702937777832
9.411003232495732
8.604065356835076
7.791834630260299
6.732420454856535
3.373108766093551
3.272954297131161
3.683523682091888
-5.682771515105138
-10.64013512546384
-3.356313934505769
4.860124148178519
4.152702937777832
9.211003232495743
8.904065356835087
11.2918346302603
7.932420454856524
5.07310876609354
3.97295429713115
10.68352368209189
7.717228484894868
3.559864874536178
-0.756313934505803
3.660124148178531
5.052702937777809
8.811003232495709
8.204065356835041
10.09183463026025
7.832420454856501
4.07310876609354
6.172954297131138
12.18352368209189
7.917228484894856
-0.8401351254638563
-0.5563139345057575
4.360124148178519
5.552702937777809
9.011003232495755
9.604065356835076
9.891834630260265
8.032420454856545
4.57310876609354
4.872954297131127
5.283523682091911
7.217228484894868
1.259864874536166
4.243686065494197
4.460124148178542
5.652702937777832
8.211003232495743
8.404065356835087
9.691834630260276
6.532420454856546
9.373108766093551
10.77295429713116
6.383523682091933
6.817228484894891
-0.1401351254638108
2.243686065494197
4.16012414817853
5.452702937777843
8.811003232495709
8.804065356835064
10.49183463026029
7.632420454856512
7.673108766093563
9.272954297131161
9.783523682091911
5.917228484894856
-2.140135125463811
0.8436860654942198
4.560124148178508
5.052702937777809
8.311003232495709
7.904065356835087
9.091834630260253
7.332420454856501
4.873108766093551
4.172954297131138
3.883523682091933
3.817228484894891
2.359864874536189
6.043686065494208
4.66012414817853
5.952702937777843
8.811003232495709
8.904065356835087
11.39183463026026
9.932420454856523
7.473108766093517
6.872954297131127
9.983523682091899
6.317228484894891
-1.440135125463822
4.043686065494208
6.560124148178508
6.052702937777809
9.111003232495721
9.104065356835076
9.991834630260287
7.932420454856524
6.07310876609354
11.27295429713116
8.083523682091922
7.017228484894879
7.559864874536178
-0.0563139345057575
4.66012414817853
5.452702937777843
9.311003232495709
9.004065356835053
9.191834630260276
8.3324204548565
8.773108766093529
4.272954297131161
8.283523682091911
6.217228484894868
6.059864874536178
1.943686065494242
4.66012414817853
6.152702937777832
8.711003232495743
8.104065356835076
8.591834630260253
7.132420454856512
6.373108766093551
7.772954297131161
6.783523682091911
7.717228484894868
3.959864874536155
7.443686065494242
4.16012414817853
6.452702937777843
9.211003232495743
9.204065356835041
10.69183463026028
8.032420454856545
3.173108766093563
4.072954297131172
2.983523682091899
6.217228484894868
-1.940135125463822
-1.15631393450578
1.960124148178542
4.652702937777832
9.111003232495721
9.104065356835076
8.491834630260287
8.432420454856523
10.07310876609354
2.772954297131161
8.683523682091888
5.517228484894879
2.459864874536155
6.043686065494208
4.560124148178508
5.652702937777832
8.911003232495732
9.304065356835064
10.2918346302603
8.132420454856511
7.273108766093529
4.97295429713115
6.583523682091922
-3.482771515105121
1.159864874536144
-1.356313934505769
5.16012414817853
5.752702937777855
8.711003232495743
9.304065356835064
9.991834630260287
8.632420454856511
7.973108766093517
6.772954297131161
5.983523682091899
-2.682771515105138
-3.240135125463834
4.84368606549422
6.560124148178508
5.452702937777843
9.311003232495709
9.004065356835053
8.991834630260287
10.23242045485653
8.57310876609354
4.172954297131138
12.08352368209192
5.417228484894856
-3.740135125463834
2.34368606549422
4.760124148178553
6.052702937777809
9.011003232495755
9.304065356835064
10.99183463026029
8.632420454856511
5.173108766093563
7.172954297131138
-3.116476317908095
-3.682771515105138
-3.440135125463822
5.543686065494208
4.760124148178553
5.552702937777809
9.411003232495732
9.104065356835076
9.791834630260299
10.13242045485651
7.673108766093563
7.97295429713115
8.983523682091899
2.217228484894868
2.259864874536166
1.043686065494208
4.960124148178542
5.852702937777821
9.311003232495709
9.404065356835087
10.09183463026025
11.3324204548565
6.773108766093529
7.272954297131161
9.783523682091911
3.117228484894845
-0.9401351254638222
1.743686065494197
5.860124148178519
6.852702937777821
9.311003232495709
9.104065356835076
11.69183463026028
11.23242045485653
5.473108766093517
7.97295429713115
12.18352368209189
11.31722848489489
1.259864874536166
5.34368606549422
4.060124148178508
6.052702937777809
8.911003232495732
9.404065356835087
10.7918346302603
8.932420454856523
6.773108766093529
13.77295429713116
11.78352368209191
5.017228484894879
3.659864874536144
4.243686065494197
5.560124148178508
6.152702937777832
8.911003232495732
9.204065356835041
9.391834630260265
10.23242045485653
7.173108766093563
4.172954297131138
8.483523682091899
9.317228484894891
5.059864874536178
3.443686065494242
4.960124148178542
6.552702937777809
9.811003232495709
9.804065356835064
12.39183463026026
10.23242045485653
10.67310876609356
7.372954297131127
12.78352368209191
6.017228484894879
2.959864874536155
-0.0563139345057575
5.16012414817853
5.852702937777821
9.111003232495721
8.904065356835087
11.2918346302603
11.73242045485653
7.773108766093529
7.47295429713115
4.283523682091911
6.117228484894845
-1.440135125463822
2.743686065494197
4.16012414817853
4.852702937777821
9.211003232495743
9.904065356835087
10.7918346302603
10.03242045485655
8.373108766093551
3.872954297131127
5.083523682091922
-0.6827715151051379
-0.1401351254638108
1.84368606549422
4.760124148178553
6.052702937777809
9.511003232495755
9.204065356835041
9.891834630260265
6.232420454856535
4.173108766093563
2.172954297131138
7.983523682091899
6.517228484894879
1.159864874536144
4.34368606549422
5.060124148178508
5.752702937777855
8.711003232495743
8.804065356835064
10.89183463026026
9.032420454856545
7.173108766093563
8.372954297131127
13.4835236820919
7.017228484894879
-1.540135125463845
1.443686065494242
4.860124148178519
6.452702937777843
9.011003232495755
9.104065356835076
10.09183463026025
8.432420454856523
6.373108766093551
5.272954297131161
0.5835236820919221
-1.682771515105138
-6.640135125463839
3.643686065494231
5.060124148178508
4.652702937777832
9.611003232495721
10.10406535683508
8.891834630260265
10.73242045485653
6.273108766093529
3.272954297131161
3.483523682091899
1.917228484894856
-1.140135125463811
1.043686065494208
4.16012414817853
5.952702937777843
9.211003232495743
9.204065356835041
10.99183463026029
9.732420454856534
6.873108766093551
8.97295429713115
12.78352368209191
3.017228484894879
-2.340135125463856
0.243686065494197
3.960124148178542
6.052702937777809
9.311003232495709
9.804065356835064
10.69183463026028
10.23242045485653
5.07310876609354
7.072954297131172
3.183523682091888
8.417228484894856
10.35986487453619
7.543686065494208
5.16012414817853
6.452702937777843
9.611003232495721
9.904065356835087
11.39183463026026
10.13242045485651
9.973108766093517
7.97295429713115
14.28352368209191
10.11722848489485
5.459864874536155
3.34368606549422
5.860124148178519
7.252702937777855
9.411003232495732
9.504065356835053
11.69183463026028
11.73242045485653
6.873108766093551
9.97295429713115
12.9835236820919
7.917228484894856
1.759864874536166
6.043686065494208
5.460124148178542
7.052702937777809
9.411003232495732
9.704065356835041
10.99183463026029
8.532420454856545
8.273108766093529
4.872954297131127
8.683523682091888
4.217228484894868
5.159864874536144
6.243686065494197
5.260124148178553
5.552702937777809
9.011003232495755
9.204065356835041
9.891834630260265
9.132420454856511
7.873108766093551
5.572954297131172
6.683523682091888
0.2172284848948678
5.759864874536166
1.743686065494197
6.66012414817853
6.252702937777855
9.211003232495743
9.304065356835064
11.39183463026026
9.032420454856545
9.873108766093551
10.97295429713115
12.9835236820919
6.317228484894891
4.959864874536155
5.743686065494197
6.560124148178508
5.752702937777855
8.911003232495732
9.704065356835041
10.2918346302603
8.732420454856534
9.773108766093529
8.072954297131172
11.68352368209189
12.21722848489487
7.959864874536155
3.34368606549422
6.460124148178542
7.452702937777843
9.611003232495721
9.504065356835053
9.891834630260265
8.132420454856511
8.273108766093529
9.872954297131127
10.88352368209193
8.517228484894879
10.05986487453618
6.443686065494242
5.860124148178519
6.052702937777809
9.311003232495709
9.404065356835087
11.49183463026029
10.93242045485652
6.473108766093517
7.272954297131161
14.4835236820919
8.317228484894891
0.05986487453617784
-0.756313934505803
5.860124148178519
5.352702937777821
8.711003232495743
8.804065356835064
10.69183463026028
8.532420454856545
4.473108766093517
9.072954297131172
12.9835236820919
11.01722848489488
9.459864874536155
7.443686065494242
6.960124148178542
6.952702937777843
9.411003232495732
9.404065356835087
10.49183463026029
9.132420454856511
5.873108766093551
5.372954297131127
7.483523682091899
2.717228484894868
0.2598648745361665
1.243686065494197
5.260124148178553
6.052702937777809
9.811003232495709
9.404065356835087
9.791834630260299
9.732420454856534
6.173108766093563
8.272954297131161
11.68352368209189
1.017228484894879
-3.840135125463828
2.84368606549422
4.960124148178542
6.952702937777843
9.611003232495721
10.00406535683505
9.891834630260265
11.03242045485655
9.973108766093517
6.372954297131127
11.78352368209191
-2.582771515105144
-2.240135125463834
2.243686065494197
5.860124148178519
5.552702937777809
9.211003232495743
8.904065356835087
9.391834630260265
8.932420454856523
8.673108766093563
6.47295429713115
1.383523682091933
1.017228484894879
3.359864874536189
1.34368606549422
4.66012414817853
5.652702937777832
9.511003232495755
9.204065356835041
11.39183463026026
9.632420454856511
8.973108766093517
8.572954297131172
7.483523682091899
2.917228484894856
-3.040135125463845
3.243686065494197
5.66012414817853
7.052702937777809
8.911003232495732
9.504065356835053
11.19183463026028
9.8324204548565
8.173108766093563
8.772954297131161
12.58352368209192
2.517228484894879
0.3598648745361892
1.043686065494208
3.460124148178542
6.552702937777809
9.411003232495732
9.904065356835087
11.09183463026025
9.8324204548565
10.07310876609354
8.47295429713115
9.883523682091933
1.017228484894879
-0.7401351254638335
-0.5563139345057575
5.16012414817853
5.652702937777832
8.611003232495721
8.804065356835064
10.09183463026025
9.932420454856523
7.57310876609354
5.97295429713115
0.7835236820919107
9.617228484894845
-1.340135125463856
2.643686065494231
3.460124148178542
6.652702937777832
9.611003232495721
10.00406535683505
11.59183463026025
7.732420454856535
8.57310876609354
6.372954297131127
8.083523682091922
-0.08277151510514358
0.6598648745361437
5.84368606549422
4.66012414817853
6.452702937777843
8.911003232495732
9.104065356835076
11.2918346302603
9.732420454856534
7.273108766093529
7.372954297131127
6.683523682091888
9.517228484894879
-3.040135125463845
-0.756313934505803
4.960124148178542
6.052702937777809
9.511003232495755
9.004065356835053
11.19183463026028
10.03242045485655
5.773108766093529
6.572954297131172
9.183523682091888
-0.2827715151051322
-3.240135125463834
2.443686065494242
4.16012414817853
6.152702937777832
9.011003232495755
9.404065356835087
11.59183463026025
8.632420454856511
6.57310876609354
7.172954297131138
11.68352368209189
6.017228484894879
-4.940135125463822
0.243686065494197
5.960124148178542
6.052702937777809
9.111003232495721
9.404065356835087
11.49183463026029
8.932420454856523
7.873108766093551
8.97295429713115
10.58352368209192
1.417228484894856
0.8598648745361892
4.743686065494197
4.760124148178553
7.352702937777821
8.911003232495732
9.404065356835087
11.2918346302603
11.03242045485655
4.673108766093563
10.47295429713115
11.08352368209192
4.417228484894856
2.659864874536144
-2.456313934505792
6.360124148178519
6.852702937777821
9.411003232495732
9.304065356835064
10.89183463026026
9.3324204548565
6.07310876609354
9.47295429713115
9.083523682091922
9.117228484894845
-3.340135125463828
-0.4563139345057916
4.060124148178508
6.252702937777855
9.011003232495755
9.504065356835053
11.09183463026025
11.8324204548565
7.473108766093517
6.47295429713115
12.58352368209192
2.217228484894868
-3.840135125463828
0.04368606549420839
5.960124148178542
5.852702937777821
9.111003232495721
9.404065356835087
11.19183463026028
9.932420454856523
6.973108766093517
10.37295429713113
12.9835236820919
8.217228484894868
1.659864874536144
6.743686065494197
5.360124148178519
6.852702937777821
9.411003232495732
9.504065356835053
11.89183463026026
7.932420454856524
6.973108766093517
8.772954297131161
10.28352368209191
3.617228484894845
-1.840135125463856
2.84368606549422
5.060124148178508
6.252702937777855
9.911003232495732
9.604065356835076
10.19183463026028
7.632420454856512
8.273108766093529
9.172954297131138
13.28352368209191
2.817228484894891
5.759864874536166
0.1436860654942311
6.460124148178542
6.352702937777821
9.511003232495755
9.804065356835064
12.19183463026028
12.03242045485655
10.17310876609356
10.57295429713117
12.38352368209193
13.11722848489485
7.959864874536155
2.84368606549422
5.560124148178508
6.552702937777809
9.511003232495755
10.00406535683505
11.7918346302603
11.43242045485652
5.473108766093517
9.372954297131127
9.383523682091933
-0.2827715151051322
-0.6401351254638108
0.9436860654942425
5.860124148178519
6.152702937777832
9.311003232495709
10.00406535683505
12.19183463026028
10.93242045485652
5.773108766093529
4.772954297131161
2.083523682091922
8.017228484894879
4.859864874536189
0.04368606549420839
4.760124148178553
6.252702937777855
9.211003232495743
9.304065356835064
10.69183463026028
7.632420454856512
7.773108766093529
7.072954297131172
8.583523682091922
0.01722848489487916
2.359864874536189
3.143686065494231
4.460124148178542
6.052702937777809
9.511003232495755
9.904065356835087
10.89183463026026
11.03242045485655
7.673108766093563
10.27295429713116
10.68352368209189
4.317228484894891
-6.240135125463834
0.243686065494197
4.860124148178519
6.152702937777832
9.911003232495732
9.504065356835053
10.99183463026029
11.3324204548565
8.173108766093563
8.572954297131172
9.083523682091922
7.817228484894891
5.259864874536166
4.84368606549422
6.360124148178519
6.252702937777855
9.811003232495709
9.704065356835041
11.99183463026029
10.3324204548565
8.673108766093563
7.672954297131138
13.38352368209193
7.317228484894891
2.359864874536189
1.243686065494197
5.860124148178519
5.652702937777832
9.811003232495709
9.104065356835076
10.69183463026028
10.43242045485652
8.773108766093529
6.572954297131172
10.28352368209191
7.417228484894856
-1.040135125463845
4.443686065494242
4.16012414817853
5.352702937777821
9.211003232495743
9.704065356835041
11.49183463026029
10.53242045485655
9.673108766093563
9.47295429713115
9.783523682091911
0.1172284848948451
-3.840135125463828
2.743686065494197
6.260124148178553
6.652702937777832
9.311003232495709
9.904065356835087
10.99183463026029
8.8324204548565
8.07310876609354
6.272954297131161
12.28352368209191
6.717228484894868
4.959864874536155
6.743686065494197
5.860124148178519
6.852702937777821
9.311003232495709
9.604065356835076
10.69183463026028
10.3324204548565
9.973108766093517
10.77295429713116
10.78352368209191
8.417228484894856
1.759864874536166
2.143686065494231
5.960124148178542
7.052702937777809
9.411003232495732
10.10406535683508
10.49183463026029
10.43242045485652
8.07310876609354
11.17295429713114
12.18352368209189
7.617228484894845
6.759864874536166
6.84368606549422
5.960124148178542
6.452702937777843
9.711003232495743
9.904065356835087
10.7918346302603
10.53242045485655
9.773108766093529
11.07295429713117
13.18352368209189
9.817228484894891
11.45986487453616
6.143686065494231
7.760124148178553
7.252702937777855
10.01100323249575
10.90406535683509
12.39183463026026
10.93242045485652
8.873108766093551
9.97295429713115
14.18352368209189
5.717228484894868
0.8598648745361892
4.143686065494231
5.560124148178508
6.352702937777821
9.511003232495755
10.50406535683505
11.39183463026026
10.73242045485653
8.773108766093529
8.372954297131127
11.08352368209192
7.117228484894845
5.359864874536189
5.34368606549422
6.860124148178519
7.652702937777832
9.911003232495732
10.30406535683506
11.2918346302603
10.63242045485651
10.47310876609352
8.372954297131127
16.4835236820919
8.517228484894879
4.759864874536166
6.84368606549422
6.460124148178542
7.252702937777855
11.71100323249574
10.80406535683506
12.49183463026029
10.73242045485653
10.77310876609353
8.872954297131127
12.78352368209191
10.11722848489485
6.159864874536144
5.143686065494231
5.760124148178553
6.552702937777809
10.71100323249574
10.20406535683504
11.39183463026026
11.73242045485653
9.173108766093563
8.47295429713115
10.78352368209191
7.517228484894879
6.159864874536144
4.34368606549422
6.960124148178542
6.952702937777843
9.511003232495755
10.20406535683504
12.39183463026026
8.8324204548565
9.373108766093551
9.872954297131127
14.78352368209191
7.117228484894845
8.059864874536178
3.943686065494242
5.460124148178542
6.052702937777809
9.611003232495721
9.604065356835076
11.7918346302603
12.13242045485651
10.57310876609354
8.672954297131138
13.78352368209191
12.61722848489485
5.659864874536144
5.743686065494197
7.360124148178519
6.952702937777843
9.411003232495732
10.30406535683506
12.7918346302603
11.63242045485651
10.87310876609355
12.87295429713113
11.68352368209189
5.817228484894891
4.359864874536189
5.543686065494208
4.66012414817853
6.252702937777855
9.211003232495743
9.704065356835041
11.7918346302603
10.13242045485651
7.773108766093529
12.07295429713117
14.4835236820919
6.717228484894868
4.759864874536166
4.743686065494197
6.060124148178508
6.852702937777821
10.51100323249575
10.10406535683508
12.69183463026028
10.3324204548565
7.473108766093517
6.272954297131161
11.9835236820919
5.817228484894891
2.959864874536155
5.443686065494242
6.560124148178508
6.852702937777821
9.611003232495721
11.00406535683505
11.69183463026028
10.53242045485655
9.673108766093563
11.17295429713114
15.38352368209193
10.81722848489489
9.259864874536166
7.84368606549422
8.260124148178553
7.852702937777821
10.01100323249575
9.704065356835041
11.19183463026028
11.93242045485652
10.67310876609356
10.67295429713114
12.18352368209189
11.01722848489488
10.35986487453619
7.043686065494208
8.16012414817853
6.852702937777821
9.811003232495709
9.604065356835076
11.7918346302603
11.03242045485655
8.57310876609354
7.772954297131161
13.58352368209192
10.71722848489487
5.959864874536155
7.443686065494242
6.560124148178508
7.052702937777809
9.411003232495732
10.60406535683508
12.39183463026026
12.53242045485655
10.07310876609354
10.17295429713114
14.88352368209193
9.417228484894856
5.159864874536144
4.643686065494231
5.960124148178542
7.152702937777832
10.51100323249575
10.50406535683505
12.39183463026026
12.63242045485651
11.27310876609353
12.67295429713114
13.08352368209192
11.51722848489488
2.959864874536155
3.84368606549422
7.66012414817853
6.552702937777809
9.511003232495755
9.904065356835087
11.7918346302603
12.3324204548565
9.57310876609354
11.77295429713116
16.18352368209189
9.317228484894891
7.759864874536166
8.043686065494208
7.560124148178508
7.252702937777855
10.01100323249575
9.704065356835041
10.89183463026026
10.93242045485652
9.473108766093517
11.07295429713117
10.28352368209191
8.017228484894879
8.459864874536155
3.943686065494242
5.560124148178508
6.752702937777855
9.211003232495743
9.704065356835041
11.09183463026025
10.13242045485651
9.07310876609354
11.17295429713114
13.38352368209193
7.317228484894891
12.65986487453614
8.643686065494231
6.560124148178508
7.052702937777809
11.01100323249575
11.00406535683505
12.09183463026025
11.8324204548565
10.77310876609353
10.47295429713115
13.08352368209192
9.917228484894856
2.459864874536155
7.143686065494231
6.16012414817853
6.652702937777832
10.01100323249575
10.50406535683505
11.99183463026029
11.8324204548565
8.57310876609354
8.772954297131161
10.28352368209191
7.817228484894891
1.959864874536155
3.443686065494242
7.060124148178508
7.252702937777855
10.21100323249574
10.80406535683506
12.49183463026029
12.43242045485652
8.57310876609354
10.67295429713114
12.4835236820919
9.917228484894856
8.159864874536144
3.943686065494242
6.260124148178553
6.752702937777855
9.911003232495732
10.00406535683505
11.2918346302603
11.53242045485655
11.17310876609356
9.272954297131161
10.58352368209192
9.617228484894845
1.259864874536166
7.643686065494231
6.860124148178519
6.652702937777832
10.01100323249575
10.90406535683509
12.69183463026028
11.73242045485653
10.57310876609354
6.072954297131172
14.58352368209192
11.91722848489486
4.259864874536166
5.443686065494242
6.960124148178542
7.152702937777832
10.31100323249571
10.20406535683504
13.2918346302603
11.63242045485651
11.77310876609353
8.372954297131127
8.283523682091911
11.01722848489488
6.459864874536155
7.34368606549422
5.960124148178542
6.852702937777821
10.21100323249574
10.50406535683505
12.7918346302603
11.43242045485652
9.57310876609354
7.672954297131138
12.28352368209191
11.51722848489488
8.559864874536178
7.143686065494231
5.66012414817853
6.652702937777832
10.41100323249573
10.30406535683506
11.99183463026029
12.63242045485651
10.47310876609352
10.17295429713114
13.9835236820919
9.717228484894868
8.059864874536178
6.943686065494242
5.360124148178519
6.652702937777832
9.811003232495709
9.604065356835076
11.69183463026028
10.63242045485651
7.57310876609354
9.97295429713115
14.18352368209189
8.917228484894856
6.959864874536155
4.543686065494208
7.760124148178553
7.452702937777843
10.11100323249572
10.50406535683505
12.2918346302603
11.43242045485652
8.973108766093517
9.172954297131138
11.88352368209193
12.01722848489488
8.159864874536144
7.243686065494197
7.260124148178553
7.352702937777821
11.81100323249571
11.30406535683506
11.7918346302603
11.93242045485652
10.47310876609352
10.97295429713115
13.68352368209189
8.017228484894879
6.359864874536189
6.043686065494208
6.860124148178519
7.352702937777821
10.31100323249571
10.10406535683508
11.7918346302603
11.63242045485651
10.87310876609355
9.672954297131138
8.183523682091888
6.217228484894868
-0.8401351254638563
2.643686065494231
5.960124148178542
7.052702937777809
9.811003232495709
10.60406535683508
12.2918346302603
10.93242045485652
10.47310876609352
9.572954297131172
12.38352368209193
11.41722848489486
4.459864874536155
5.543686065494208
7.460124148178542
6.752702937777855
10.21100323249574
10.80406535683506
11.49183463026029
10.73242045485653
9.173108766093563
10.47295429713115
12.38352368209193
14.01722848489488
9.459864874536155
6.143686065494231
7.16012414817853
6.552702937777809
9.511003232495755
10.20406535683504
11.89183463026026
12.3324204548565
10.97310876609352
11.37295429713113
12.08352368209192
9.517228484894879
8.059864874536178
5.943686065494242
6.16012414817853
8.252702937777855
11.11100323249572
10.30406535683506
12.19183463026028
11.8324204548565
10.77310876609353
11.47295429713115
12.28352368209191
12.11722848489485
5.859864874536189
6.84368606549422
6.360124148178519
6.952702937777843
9.511003232495755
9.904065356835087
12.2918346302603
11.53242045485655
10.87310876609355
9.672954297131138
13.38352368209193
11.31722848489489
7.659864874536144
6.543686065494208
7.16012414817853
6.752702937777855
10.41100323249573
11.00406535683505
12.2918346302603
10.23242045485653
8.273108766093529
10.57295429713117
11.38352368209193
8.817228484894891
3.959864874536155
5.943686065494242
5.760124148178553
6.452702937777843
9.711003232495743
9.904065356835087
11.69183463026028
11.73242045485653
8.473108766093517
7.572954297131172
10.18352368209189
10.11722848489485
7.559864874536178
6.543686065494208
7.260124148178553
6.552702937777809
9.311003232495709
10.50406535683505
11.89183463026026
11.43242045485652
6.473108766093517
9.772954297131161
11.68352368209189
9.517228484894879
8.459864874536155
6.243686065494197
5.760124148178553
6.652702937777832
9.511003232495755
10.10406535683508
11.69183463026028
12.63242045485651
10.57310876609354
8.47295429713115
14.9835236820919
9.417228484894856
10.45986487453616
8.243686065494197
7.260124148178553
6.652702937777832
10.51100323249575
10.50406535683505
12.69183463026028
12.23242045485653
11.37310876609355
9.672954297131138
15.28352368209191
12.11722848489485
7.659864874536144
6.943686065494242
6.460124148178542
7.452702937777843
10.51100323249575
11.30406535683506
12.2918346302603
10.53242045485655
8.873108766093551
10.57295429713117
9.783523682091911
10.61722848489485
9.759864874536166
5.443686065494242
7.560124148178508
6.752702937777855
9.811003232495709
10.30406535683506
13.2918346302603
13.03242045485655
9.873108766093551
10.27295429713116
15.08352368209192
11.91722848489486
7.059864874536178
6.34368606549422
8.260124148178553
7.952702937777843
11.21100323249574
10.80406535683506
12.2918346302603
12.13242045485651
10.77310876609353
9.672954297131138
12.28352368209191
8.617228484894845
8.759864874536166
8.243686065494197
7.060124148178508
7.252702937777855
9.811003232495709
10.60406535683508
12.39183463026026
12.73242045485653
10.27310876609353
11.07295429713117
12.28352368209191
9.517228484894879
7.859864874536189
7.543686065494208
8.260124148178553
7.352702937777821
11.21100323249574
11.40406535683509
12.99183463026029
12.53242045485655
10.67310876609356
10.07295429713117
11.08352368209192
12.41722848489486
9.759864874536166
7.643686065494231
7.360124148178519
6.752702937777855
9.611003232495721
9.504065356835053
12.19183463026028
12.53242045485655
10.97310876609352
9.47295429713115
15.38352368209193
14.51722848489488
7.259864874536166
7.243686065494197
6.560124148178508
7.352702937777821
10.21100323249574
11.20406535683504
12.59183463026025
12.13242045485651
11.57310876609354
13.47295429713115
11.78352368209191
10.61722848489485
8.359864874536189
6.743686065494197
6.560124148178508
7.252702937777855
10.21100323249574
9.904065356835087
12.19183463026028
12.3324204548565
10.57310876609354
11.57295429713117
14.38352368209193
11.41722848489486
7.159864874536144
8.143686065494231
7.66012414817853
7.852702937777821
10.11100323249572
10.70406535683504
12.39183463026026
11.93242045485652
10.37310876609355
9.372954297131127
11.58352368209192
11.41722848489486
7.259864874536166
7.34368606549422
7.16012414817853
7.152702937777832
11.51100323249575
10.40406535683509
13.7918346302603
12.63242045485651
11.37310876609355
12.57295429713117
16.58352368209192
10.01722848489488
7.359864874536189
7.543686065494208
6.760124148178553
7.552702937777809
9.811003232495709
10.00406535683505
12.19183463026028
12.53242045485655
11.37310876609355
12.07295429713117
13.4835236820919
11.21722848489487
5.559864874536178
7.643686065494231
8.66012414817853
7.752702937777855
10.11100323249572
11.00406535683505
12.69183463026028
12.3324204548565
11.47310876609352
10.67295429713114
15.18352368209189
10.71722848489487
8.759864874536166
7.943686065494242
6.16012414817853
7.652702937777832
10.01100323249575
10.60406535683508
12.2918346302603
11.93242045485652
10.97310876609352
10.97295429713115
13.18352368209189
11.21722848489487
7.959864874536155
9.543686065494208
8.360124148178519
6.952702937777843
10.71100323249574
10.80406535683506
12.69183463026028
12.73242045485653
8.773108766093529
10.47295429713115
14.18352368209189
10.81722848489489
9.659864874536144
8.443686065494242
7.460124148178542
7.552702937777809
11.21100323249574
11.70406535683504
13.09183463026025
12.53242045485655
10.87310876609355
11.47295429713115
13.4835236820919
14.01722848489488
11.45986487453616
8.643686065494231
7.060124148178508
7.352702937777821
10.31100323249571
10.70406535683504
12.49183463026029
12.8324204548565
9.973108766093517
11.97295429713115
12.08352368209192
5.517228484894879
8.059864874536178
11.7436860654942
6.860124148178519
7.452702937777843
10.11100323249572
10.50406535683505
10.59183463026025
10.73242045485653
9.773108766093529
11.17295429713114
11.9835236820919
10.51722848489488
7.459864874536155
8.34368606549422
7.460124148178542
7.252702937777855
9.911003232495732
11.80406535683506
12.19183463026028
11.73242045485653
10.17310876609356
11.57295429713117
15.28352368209191
10.71722848489487
9.159864874536144
7.743686065494197
8.760124148178553
7.652702937777832
10.61100323249572
11.00406535683505
12.69183463026028
12.43242045485652
10.87310876609355
12.97295429713115
13.68352368209189
13.41722848489486
9.859864874536189
5.943686065494242
6.960124148178542
7.452702937777843
9.611003232495721
10.00406535683505
12.39183463026026
12.3324204548565
7.673108766093563
11.37295429713113
14.58352368209192
13.91722848489486
8.559864874536178
5.243686065494197
7.560124148178508
7.852702937777821
9.911003232495732
10.30406535683506
12.69183463026028
12.53242045485655
11.07310876609354
13.57295429713117
15.18352368209189
14.11722848489485
11.65986487453614
8.84368606549422
8.16012414817853
7.952702937777843
11.21100323249574
11.30406535683506
13.59183463026025
13.3324204548565
10.77310876609353
10.47295429713115
14.68352368209189
9.917228484894856
9.459864874536155
8.743686065494197
7.060124148178508
7.252702937777855
10.81100323249571
10.30406535683506
12.19183463026028
11.93242045485652
10.27310876609353
13.37295429713113
15.68352368209189
11.41722848489486
8.659864874536144
8.743686065494197
7.360124148178519
7.552702937777809
10.61100323249572
10.80406535683506
12.89183463026026
12.3324204548565
9.773108766093529
11.47295429713115
16.08352368209192
13.71722848489487
8.059864874536178
8.543686065494208
8.16012414817853
7.752702937777855
10.61100323249572
9.804065356835064
12.69183463026028
12.8324204548565
11.17310876609356
11.47295429713115
15.08352368209192
12.31722848489489
10.95986487453616
8.34368606549422
7.760124148178553
7.352702937777821
11.51100323249575
11.00406535683505
13.09183463026025
12.93242045485652
11.87310876609355
12.67295429713114
13.58352368209192
12.71722848489487
8.759864874536166
7.84368606549422
7.66012414817853
7.652702937777832
10.71100323249574
10.70406535683504
12.19183463026028
12.23242045485653
11.07310876609354
12.37295429713113
14.28352368209191
10.31722848489489
7.459864874536155
7.84368606549422
6.860124148178519
7.752702937777855
11.31100323249571
12.20406535683504
13.2918346302603
11.73242045485653
11.57310876609354
10.17295429713114
15.4835236820919
12.31722848489489
7.059864874536178
9.243686065494197
7.360124148178519
6.852702937777821
10.61100323249572
11.10406535683508
12.19183463026028
11.8324204548565
8.673108766093563
11.67295429713114
13.78352368209191
11.01722848489488
9.459864874536155
7.043686065494208
7.560124148178508
7.352702937777821
10.41100323249573
10.50406535683505
13.09183463026025
12.93242045485652
12.67310876609356
13.37295429713113
16.4835236820919
15.61722848489485
11.85986487453619
9.543686065494208
7.960124148178542
7.652702937777832
9.711003232495743
10.50406535683505
12.2918346302603
12.93242045485652
11.37310876609355
12.37295429713113
16.9835236820919
13.31722848489489
10.65986487453614
9.543686065494208
9.260124148178553
8.052702937777809
10.21100323249574
11.30406535683506
13.19183463026028
13.3324204548565
11.17310876609356
12.87295429713113
16.08352368209192
9.317228484894891
8.159864874536144
9.143686065494231
8.860124148178519
7.552702937777809
11.11100323249572
11.20406535683504
13.09183463026025
12.93242045485652
11.67310876609356
15.07295429713117
16.78352368209191
12.01722848489488
11.55986487453618
8.34368606549422
6.760124148178553
8.752702937777855
11.81100323249571
12.00406535683505
12.89183463026026
12.43242045485652
10.27310876609353
14.87295429713113
15.08352368209192
16.11722848489485
11.15986487453614
9.543686065494208
8.260124148178553
8.052702937777809
11.41100323249573
10.50406535683505
12.39183463026026
11.93242045485652
10.57310876609354
12.37295429713113
14.68352368209189
13.01722848489488
8.159864874536144
7.043686065494208
7.16012414817853
7.252702937777855
10.31100323249571
10.70406535683504
13.09183463026025
13.3324204548565
10.87310876609355
12.47295429713115
15.68352368209189
15.21722848489487
8.759864874536166
8.84368606549422
7.460124148178542
7.052702937777809
11.11100323249572
11.20406535683504
12.19183463026028
12.93242045485652
10.57310876609354
12.07295429713117
16.08352368209192
8.217228484894868
8.859864874536189
7.543686065494208
8.460124148178542
7.752702937777855
10.71100323249574
11.00406535683505
13.39183463026026
12.63242045485651
10.97310876609352
13.47295429713115
16.4835236820919
13.11722848489485
10.05986487453618
7.84368606549422
7.260124148178553
7.552702937777809
10.81100323249571
10.10406535683508
12.49183463026029
12.53242045485655
10.47310876609352
9.97295429713115
15.78352368209191
10.11722848489485
9.559864874536178
8.743686065494197
7.66012414817853
7.852702937777821
10.81100323249571
10.60406535683508
13.39183463026026
12.63242045485651
12.37310876609355
12.27295429713116
16.08352368209192
12.31722848489489
12.05986487453618
10.04368606549421
9.960124148178542
8.152702937777832
10.81100323249571
12.30406535683506
13.2918346302603
12.8324204548565
12.67310876609356
12.57295429713117
13.78352368209191
11.21722848489487
10.45986487453616
9.84368606549422
7.860124148178519
7.952702937777843
10.81100323249571
11.00406535683505
12.7918346302603
12.43242045485652
11.87310876609355
13.07295429713117
15.78352368209191
12.01722848489488
11.35986487453619
5.543686065494208
7.460124148178542
7.352702937777821
10.21100323249574
10.50406535683505
12.7918346302603
13.63242045485651
11.47310876609352
13.77295429713116
15.38352368209193
13.81722848489489
11.25986487453617
10.04368606549421
8.360124148178519
8.252702937777855
11.01100323249575
11.70406535683504
13.39183463026026
12.3324204548565
12.47310876609352
12.27295429713116
16.4835236820919
11.61722848489485
9.759864874536166
7.743686065494197
7.960124148178542
7.852702937777821
10.91100323249573
11.30406535683506
13.59183463026025
13.03242045485655
11.67310876609356
9.772954297131161
13.28352368209191
14.11722848489485
7.759864874536166
8.543686065494208
8.460124148178542
7.952702937777843
10.61100323249572
10.60406535683508
12.19183463026028
13.03242045485655
11.77310876609353
13.27295429713116
13.4835236820919
9.517228484894879
9.059864874536178
8.243686065494197
7.960124148178542
7.052702937777809
10.51100323249575
10.60406535683508
12.59183463026025
11.93242045485652
11.67310876609356
13.27295429713116
14.4835236820919
12.31722848489489
8.459864874536155
7.643686065494231
9.16012414817853
7.552702937777809
10.11100323249572
10.40406535683509
11.69183463026028
11.8324204548565
10.27310876609353
11.57295429713117
14.4835236820919
10.41722848489486
5.659864874536144
8.143686065494231
6.960124148178542
7.752702937777855
10.91100323249573
11.40406535683509
13.09183463026025
12.53242045485655
12.47310876609352
11.17295429713114
11.18352368209189
10.61722848489485
9.859864874536189
8.643686065494231
7.760124148178553
7.952702937777843
11.81100323249571
10.50406535683505
12.69183463026028
11.93242045485652
9.873108766093551
11.57295429713117
13.68352368209189
12.31722848489489
8.759864874536166
7.84368606549422
8.16012414817853
7.052702937777809
10.51100323249575
10.60406535683508
12.09183463026025
12.53242045485655
9.773108766093529
11.67295429713114
16.58352368209192
12.71722848489487
6.259864874536166
10.04368606549421
9.060124148178508
7.452702937777843
10.71100323249574
11.90406535683509
12.99183463026029
12.8324204548565
10.27310876609353
12.97295429713115
11.9835236820919
11.11722848489485
8.659864874536144
7.84368606549422
7.460124148178542
7.352702937777821
10.11100323249572
10.80406535683506
12.7918346302603
13.53242045485655
10.87310876609355
10.17295429713114
14.38352368209193
13.31722848489489
8.459864874536155
9.243686065494197
8.66012414817853
6.952702937777843
10.21100323249574
10.60406535683508
12.39183463026026
12.73242045485653
10.47310876609352
12.57295429713117
14.38352368209193
12.91722848489486
8.259864874536166
10.34368606549422
8.460124148178542
7.652702937777832
11.01100323249575
10.70406535683504
12.89183463026026
12.63242045485651
9.57310876609354
10.17295429713114
13.38352368209193
11.11722848489485
7.359864874536189
7.84368606549422
6.66012414817853
7.352702937777821
9.911003232495732
11.10406535683508
12.2918346302603
13.13242045485651
12.07310876609354
13.47295429713115
14.58352368209192
11.71722848489487
5.459864874536155
7.943686065494242
8.360124148178519
7.952702937777843
10.41100323249573
10.70406535683504
12.99183463026029
12.43242045485652
12.27310876609353
13.17295429713114
14.58352368209192
12.81722848489489
8.159864874536144
6.543686065494208
8.16012414817853
7.852702937777821
10.81100323249571
11.10406535683508
12.2918346302603
13.03242045485655
10.77310876609353
12.17295429713114
16.58352368209192
11.41722848489486
11.35986487453619
8.643686065494231
8.66012414817853
7.852702937777821
10.41100323249573
11.20406535683504
12.39183463026026
12.8324204548565
11.77310876609353
12.77295429713116
14.58352368209192
11.61722848489485
10.45986487453616
8.143686065494231
7.060124148178508
6.952702937777843
10.71100323249574
11.30406535683506
12.69183463026028
13.53242045485655
11.87310876609355
12.47295429713115
14.78352368209191
14.61722848489485
10.65986487453614
9.043686065494208
7.360124148178519
8.552702937777809
10.61100323249572
10.60406535683508
11.49183463026029
12.53242045485655
12.37310876609355
12.77295429713116
14.9835236820919
12.11722848489485
8.859864874536189
7.243686065494197
7.960124148178542
7.952702937777843
11.31100323249571
11.50406535683505
14.19183463026028
13.13242045485651
11.97310876609352
10.17295429713114
12.78352368209191
9.317228484894891
10.35986487453619
7.443686065494242
7.560124148178508
7.652702937777832
10.41100323249573
11.20406535683504
12.69183463026028
12.3324204548565
10.57310876609354
11.17295429713114
14.78352368209191
10.51722848489488
8.159864874536144
8.243686065494197
7.860124148178519
7.452702937777843
10.91100323249573
10.90406535683509
12.69183463026028
13.23242045485653
12.67310876609356
12.27295429713116
12.9835236820919
13.21722848489487
11.95986487453616
8.543686065494208
8.360124148178519
6.852702937777821
9.811003232495709
10.80406535683506
12.09183463026025
12.13242045485651
11.17310876609356
12.87295429713113
13.58352368209192
12.71722848489487
10.15986487453614
9.84368606549422
7.460124148178542
7.352702937777821
11.31100323249571
11.70406535683504
12.69183463026028
12.63242045485651
11.47310876609352
11.27295429713116
11.9835236820919
11.01722848489488
6.359864874536189
6.543686065494208
8.16012414817853
8.452702937777843
11.71100323249574
11.20406535683504
12.89183463026026
12.23242045485653
11.97310876609352
10.77295429713116
14.4835236820919
12.61722848489485
9.859864874536189
8.543686065494208
8.16012414817853
7.152702937777832
10.21100323249574
10.70406535683504
12.69183463026028
12.93242045485652
11.47310876609352
9.97295429713115
16.18352368209189
12.41722848489486
11.65986487453614
10.44368606549424
8.16012414817853
7.652702937777832
11.21100323249574
11.60406535683508
13.2918346302603
13.3324204548565
11.97310876609352
12.87295429713113
15.78352368209191
13.11722848489485
7.659864874536144
6.143686065494231
8.560124148178508
7.652702937777832
10.71100323249574
10.50406535683505
12.69183463026028
13.13242045485651
10.87310876609355
12.67295429713114
16.58352368209192
11.01722848489488
9.859864874536189
7.943686065494242
8.16012414817853
8.652702937777832
9.911003232495732
11.00406535683505
12.59183463026025
13.23242045485653
12.67310876609356
12.37295429713113
15.68352368209189
12.61722848489485
7.959864874536155
7.943686065494242
7.560124148178508
7.552702937777809
10.91100323249573
11.10406535683508
13.7918346302603
12.73242045485653
13.07310876609354
12.37295429713113
14.28352368209191
13.41722848489486
10.15986487453614
7.043686065494208
8.060124148178508
7.052702937777809
10.41100323249573
10.40406535683509
13.2918346302603
12.53242045485655
10.67310876609356
12.67295429713114
15.58352368209192
10.81722848489489
11.65986487453614
9.443686065494242
8.16012414817853
7.952702937777843
10.61100323249572
12.30406535683506
13.39183463026026
13.73242045485653
12.37310876609355
12.27295429713116
13.78352368209191
11.61722848489485
11.75986487453617
9.243686065494197
8.360124148178519
8.052702937777809
9.911003232495732
11.20406535683504
12.7918346302603
12.73242045485653
11.37310876609355
9.572954297131172
12.9835236820919
10.41722848489486
9.159864874536144
8.443686065494242
8.66012414817853
7.652702937777832
11.01100323249575
11.10406535683508
12.19183463026028
12.73242045485653
10.77310876609353
9.97295429713115
13.4835236820919
11.51722848489488
9.059864874536178
7.543686065494208
6.260124148178553
7.352702937777821
10.31100323249571
10.20406535683504
12.7918346302603
12.8324204548565
9.773108766093529
11.17295429713114
14.08352368209192
9.817228484894891
7.259864874536166
7.943686065494242
8.260124148178553
7.652702937777832
10.41100323249573
11.00406535683505
12.7918346302603
13.23242045485653
12.07310876609354
12.57295429713117
13.9835236820919
12.01722848489488
9.159864874536144
8.443686065494242
8.16012414817853
7.952702937777843
12.11100323249572
10.80406535683506
12.69183463026028
12.53242045485655
11.47310876609352
11.77295429713116
16.4835236820919
14.91722848489486
9.559864874536178
10.44368606549424
9.16012414817853
7.852702937777821
11.21100323249574
11.50406535683505
13.59183463026025
12.8324204548565
12.17310876609356
13.17295429713114
17.58352368209192
13.31722848489489
9.059864874536178
8.043686065494208
7.760124148178553
7.452702937777843
10.21100323249574
10.00406535683505
12.19183463026028
12.13242045485651
10.07310876609354
12.07295429713117
15.4835236820919
11.61722848489485
10.15986487453614
8.543686065494208
9.360124148178519
7.152702937777832
10.21100323249574
11.40406535683509
13.7918346302603
12.63242045485651
10.27310876609353
13.77295429713116
14.88352368209193
12.81722848489489
10.95986487453616
9.743686065494197
8.060124148178508
7.952702937777843
11.41100323249573
12.40406535683509
13.2918346302603
13.43242045485652
10.67310876609356
12.47295429713115
17.38352368209193
13.41722848489486
9.359864874536189
8.943686065494242
8.16012414817853
7.452702937777843
10.61100323249572
11.20406535683504
12.19183463026028
12.73242045485653
11.17310876609356
13.57295429713117
14.78352368209191
12.01722848489488
8.959864874536155
9.443686065494242
6.360124148178519
7.852702937777821
10.71100323249574
11.00406535683505
12.49183463026029
11.8324204548565
10.67310876609356
11.87295429713113
13.58352368209192
14.51722848489488
10.95986487453616
8.143686065494231
7.760124148178553
7.452702937777843
10.21100323249574
10.30406535683506
13.59183463026025
13.43242045485652
11.67310876609356
13.57295429713117
16.38352368209193
13.31722848489489
10.05986487453618
8.543686065494208
8.16012414817853
7.352702937777821
10.51100323249575
10.80406535683506
12.2918346302603
13.13242045485651
12.27310876609353
13.67295429713114
16.68352368209189
13.11722848489485
11.25986487453617
7.743686065494197
8.860124148178519
8.452702937777843
10.11100323249572
11.30406535683506
13.99183463026029
13.3324204548565
11.77310876609353
13.17295429713114
16.4835236820919
14.01722848489488
11.25986487453617
8.543686065494208
9.960124148178542
9.052702937777809
10.81100323249571
11.40406535683509
12.7918346302603
13.63242045485651
12.57310876609354
14.27295429713116
18.08352368209192
15.31722848489489
11.35986487453619
9.943686065494242
8.860124148178519
7.652702937777832
10.41100323249573
11.70406535683504
12.7918346302603
12.93242045485652
11.07310876609354
10.77295429713116
12.88352368209193
10.31722848489489
9.859864874536189
9.043686065494208
8.060124148178508
7.652702937777832
10.51100323249575
10.90406535683509
12.49183463026029
13.03242045485655
11.97310876609352
12.57295429713117
16.88352368209193
10.31722848489489
7.459864874536155
9.143686065494231
9.460124148178542
7.352702937777821
10.41100323249573
10.40406535683509
12.69183463026028
12.3324204548565
8.873108766093551
11.37295429713113
14.88352368209193
13.01722848489488
11.45986487453616
8.043686065494208
7.860124148178519
7.652702937777832
11.11100323249572
11.80406535683506
13.99183463026029
11.93242045485652
11.67310876609356
14.27295429713116
16.18352368209189
10.81722848489489
9.759864874536166
6.34368606549422
8.16012414817853
7.752702937777855
10.81100323249571
11.50406535683505
13.69183463026028
12.3324204548565
11.57310876609354
11.97295429713115
13.08352368209192
14.51722848489488
8.959864874536155
7.443686065494242
8.16012414817853
7.652702937777832
10.21100323249574
11.20406535683504
12.2918346302603
12.53242045485655
11.77310876609353
12.87295429713113
14.58352368209192
11.81722848489489
10.15986487453614
9.84368606549422
8.360124148178519
7.252702937777855
11.11100323249572
11.10406535683508
13.39183463026026
13.3324204548565
10.97310876609352
12.37295429713113
13.08352368209192
11.31722848489489
8.259864874536166
8.643686065494231
8.16012414817853
7.152702937777832
10.71100323249574
10.80406535683506
12.59183463026025
12.63242045485651
11.37310876609355
11.47295429713115
