-7.2106
   -7.2035
   -7.1947
   -7.1836
   -7.1697
   -7.1700
   -7.1763
   -7.1842
   -7.1942
   -7.2066
   -7.2223
   -7.2420
   -7.2669
   -7.2883
   -7.2942
   -7.2815
   -7.2529
   -7.2112
   -7.1580
   -7.1204
   -7.1002
   -7.0889
   -7.0804
   -7.0707
   -7.0567
   -7.0354
   -7.0038
   -6.9576
   -6.8920
   -6.8022
   -6.6834
   -6.5316
   -6.3416
   -6.1052
   -5.8104
   -5.4415
   -4.9796
   -4.4016
   -3.6793
   -2.7777
   -1.6348
   -0.2451
    1.3050
    3.1972
    5.4399
    8.0431
   10.9892
   14.2401
   17.7678
   21.6093
   25.9331
